#usda 1.0
(
    defaultPrim = "Cow_F"
    metersPerUnit = 0.009999999776482582
    upAxis = "Z"
)

def SkelRoot "Cow_F" (
    prepend apiSchemas = ["SkelBindingAPI"]
    variants = {
        string LOD = "LOD0"
    }
    prepend variantSets = "LOD"
)
{
    rel skel:skeleton = </Cow_F/Skel>

    def Skeleton "Skel"
    {
        uniform matrix4d[] bindTransforms = [( (1, -2.1472077554414007e-23, 2.117582368135751e-22, 0), (2.1472077554413995e-23, 1, 6.123234262925839e-17, 0), (-2.117582368135751e-22, -6.123234262925839e-17, 1, 0), (-0.000004164126494288212, -5.504044485807325e-13, -1.2329567762273003e-19, 1) ), ( (2.028159080806926e-7, 2.6181673416075394e-15, 0.999999906166814, 0), (1.5099576404595599e-7, -0.9999999315429307, -2.2837815310124676e-14, 0), (0.9999999061668027, 1.509957550459088e-7, -1.343588542497981e-7, 0), (-0.000008203667675843486, 88.68334960937443, 126.465576171875, 1) ), ( (0.036649541321794, -0.308257164927521, -0.9505967801334331, 0), (0.10234299825147689, -0.9450766225351703, 0.31041285601870544, 0), (-0.9940738733554078, -0.10866342909952391, -0.0030886885337804964, 0), (19.837918235195495, 100.39837579728734, 123.4575126181516, 1) ), ( (-0.07695702737449527, 0.6708703484548845, -0.7375713050757469, 0), (0.07788195574398236, -0.7334595577550419, -0.6752565182982015, 0), (-0.9939881179224795, -0.10940920904435625, 0.004196168267842065, 0), (21.519399531401646, 86.25552470176642, 79.844127220101, 1) ), ( (0.009766380064242478, -0.04560169372343765, -0.9989147549835392, 0), (0.10639804157167847, -0.9932387252101124, 0.04638282801925558, 0), (-0.9942754978399849, -0.10673551562226098, -0.004848395213240135, 0), (18.383279702574036, 113.59440543322604, 49.78658728375397, 1) ), ( (0.15165608442128514, -0.7049967194267769, -0.6928038079055588, 0), (0.14383399904663496, -0.6777125175886975, 0.721125352037552, 0), (-0.9779118494967914, -0.2090116019135785, -0.0013767629050469984, 0), (18.747895636333908, 111.89193316125102, 12.493469802948425, 1) ), ( (7.712201373027213e-8, -0.9973262879381788, -0.07307554459198672, 0), (6.770324495475322e-8, 0.0730756094280145, -0.9973263473834593, 0), (0.9999998799149716, 1.1649687908301793e-8, 1.2921870758144999e-7, 0), (-0.000008280352597367392, 75.61347287958812, 119.51107805658478, 1) ), ( (8.311792358566293e-8, -0.9995500775531594, -0.029989798924037785, 0), (6.827066140191462e-8, 0.029989868318921697, -0.9995501371309881, 0), (0.9999998727880052, 1.3456175981892981e-8, 1.3631245608023456e-7, 0), (-0.000006475891611401631, 52.278553620805255, 117.80128470146855, 1) ), ( (2.1533099325567145e-8, -0.9989576328629479, -0.04564002068029129, 0), (8.372997725061283e-8, 0.04564004350607004, -0.9989576924054627, 0), (0.9999999202899267, -2.3952480792189704e-9, 1.0381332585414534e-7, 0), (-0.000004286011554555126, 25.943731693542716, 117.01115370082276, 1) ), ( (1.1561602441301851e-7, -0.9999999486451592, -1.7602606933138398e-8, 0), (1.1354261247874995e-7, 9.352753016499984e-9, -1.0000000082498055, 0), (0.9999999486452096, 1.2386589087753942e-7, 1.0529273935759727e-7, 0), (-0.0000012005695122496955, 0.5148859509627535, 115.84937200831851, 1) ), ( (0.9123226267943765, 0.005230296887775587, -0.4094385904222293, 0), (-0.40943817429635315, -0.0012038408639857704, -0.9123371335633833, 0), (-0.005264669557029298, 0.9999855942138538, 0.0010431868711538205, 0), (-4.041638122794096, -36.56804795422066, 113.25100798590219, 1) ), ( (-0.029243095890732346, 0.5200143952308866, -0.8536575681320085, 0), (-0.17680544727341932, -0.8432467302635064, -0.5076158235113916, 0), (-0.9838111984570477, 0.1360870287356036, 0.11660043479714846, 0), (20.796002048059762, -36.425814380277906, 102.10849644259176, 1) ), ( (-0.1286047110842872, -0.1370255415713631, -0.9821821126803932, 0), (-0.10079529848013143, -0.9834750226898918, 0.15040382920669873, 0), (-0.9865600599082374, 0.11834189882080658, 0.112667937143317, 0), (19.703614396057226, -17.000440872480603, 70.21973077967681, 1) ), ( (-0.08675310695296352, -0.012783868874430795, -0.9961616389728178, 0), (-0.10821107692557884, -0.9938663190347334, 0.0221782384228503, 0), (-0.9903354862110071, 0.10971980119358009, 0.08483778164592565, 0), (15.46450256276826, -21.516982073005533, 37.84491809553892, 1) ), ( (0.0710031413031612, -0.7133509322171295, -0.6971959478617018, 0), (0.07324336190481151, -0.693350902253491, 0.7168760367292539, 0), (-0.9947813648153885, -0.1019649311410038, 0.003018233616041079, 0), (13.246013149432834, -21.843897173016778, 12.370612258763256, 1) ), ( (-2.7130475773245655e-7, -0.9971740904296295, 0.07512699842925735, 0), (1.662071774019031e-7, -0.07512706851706755, -0.9971742687382549, 0), (0.9999999970493214, -2.0155747285529038e-7, 1.2520948186918926e-7, 0), (-0.0000019765120011783448, -28.210452328789597, 101.45901341276797, 1) ), ( (-6.173858281783981e-8, -0.8769115420794529, 0.48065210674736036, 0), (3.9116163808313086e-8, -0.48065239786293057, -0.876911907955494, 0), (1.0000000309671715, 4.408545265863777e-8, -7.012918183387561e-8, 0), (-0.000006492494952325979, -44.808844245638475, 102.7095241644339, 1) ), ( (-1.584969026127459e-7, -0.7770412777531398, 0.6294499720477129, 0), (1.3515633762082015e-7, -0.6294503823917357, -0.7770416019600476, 0), (1.0000000881122755, 7.669762201159839e-8, -3.5909513887014175e-8, 0), (-0.000007513401671488419, -59.30944692538749, 110.65757413660083, 1) ), ( (-4.6147808354778985e-8, -0.8338854625872545, 0.5519368131661088, 0), (8.521590641459002e-8, -0.551937415401432, -0.8338861584358999, 0), (1.0000000820584034, 1.2668258741885814e-7, -1.2332113838913905e-7, 0), (-0.000017715815110008772, -71.92384008630046, 120.87598706703919, 1) ), ( (2.1164876034676783e-8, -0.8290370157508412, 0.5591926410580125, 0), (1.7353036466955756e-8, -0.5591932145898769, -0.8290377075536277, 0), (1.0000000473002288, 1.1587834062168743e-7, -1.6413428392881535e-7, 0), (-0.000009043709395584211, -86.79328723225599, 130.71787403124273, 1) ), ( (0.9597333727446615, 0.1754350549895872, 0.21939282822661424, 0), (0.25223625122706245, -0.8819551350050427, -0.39816140166071506, 0), (0.12364317112171996, 0.43746778687647686, -0.8906932326494454, 0), (13.171509114645929, -93.35697751395944, 136.85399526469024, 1) ), ( (-0.9597335389148994, 0.17543474177242166, 0.2193928502191485, 0), (-0.25223598657920554, -0.8819551425454686, -0.3981613535021472, 0), (0.12364334365765516, -0.4374677118679625, 0.8906929178369309, 0), (-13.171526875648217, -93.35698500493233, 136.85399812464948, 1) ), ( (0.7122454002265969, -0.696098113414388, -0.090290706921592, 0), (-0.08351851965111413, 0.04367637921898002, -0.9955487598141111, 0), (0.6969435835235986, 0.7166164676246016, -0.027028822276465487, 0), (11.851211298087522, -108.96363676061804, 130.7808256605438, 1) ), ( (-0.7122452347371474, -0.6960983818032908, -0.09029073316746662, 0), (0.08351844633737983, 0.04367653861635322, -0.9955486625749483, 0), (0.6969438216354498, -0.7166161035901565, 0.02702856864408707, 0), (-11.851225316512197, -108.963644802895, 130.78082852154884, 1) ), ( (0.7147598250880549, -0.5345528553607402, 0.45096577673689053, 0), (0.38049427269283076, -0.24380959612155012, -0.8920657494926982, 0), (0.586806276780747, 0.8092030465878263, 0.029128966239239128, 0), (11.540951458616897, -108.73185550769726, 130.5646086055345, 1) ), ( (-0.7147598802466317, -0.5345531638212504, 0.4509659025086745, 0), (-0.38049427612931047, -0.24380987518872593, -0.8920658122116406, 0), (0.5868066522025697, -0.8092029135782848, -0.02912916561814875, 0), (-11.540967395919294, -108.73186347806966, 130.5646113646913, 1) ), ( (-2.8197540189987603e-7, -0.7604054380941865, -0.6494474324930741, 0), (-1.7913986379566774e-7, 0.6494479379634107, -0.7604062085974951, 0), (1.0000000929968331, 1.7965116600465835e-8, -3.7284229968201936e-7, 0), (-0.00001390064942619065, -97.37360257426222, 124.92803851172965, 1) ), ( (-6.347192135254917e-8, -0.787291822742667, -0.6165791667257768, 0), (-7.672829672505422e-8, 0.6165797469685179, -0.7872927612683266, 0), (1.0000000951727308, 1.1919315573523747e-7, -1.5888792445047817e-7, 0), (-0.000013919284452157423, -108.4894253142038, 114.83872701833621, 1) ), ( (-3.138907319243473e-8, -0.856667038727411, -0.515867901429242, 0), (-7.261933342838134e-8, 0.5158684822700658, -0.8566682131390264, 0), (1.0000000667618552, 1.1882609204435776e-7, -1.3958129353040628e-7, 0), (-0.000014406641528630383, -114.53445027151827, 110.10443924948851, 1) ), ( (-2.05505162117854e-8, -0.9426405184656669, -0.33380617469836227, 0), (-1.5290050055121916e-8, 0.33380662544145356, -0.9426420916682052, 0), (1.0000000467518775, 8.598820770260638e-8, -9.21269559017406e-8, 0), (-0.000014611544130183087, -120.12664023025695, 106.73691114283744, 1) ), ( (-0.9123228129101316, 0.005230812953046375, -0.4094382795114247, 0), (0.4094378636247649, -0.001203866546660202, -0.9123372397570876, 0), (-0.0052651636235397795, -0.9999855611977793, -0.00104342812004929, 0), (4.041567162015967, -36.56805076768423, 113.25100621440062, 1) ), ( (0.029253887080192425, 0.5199760776430855, -0.8536791400143102, 0), (0.17680664932506376, -0.8432707533738447, -0.5075774910911165, 0), (-0.9838107493659797, -0.1360875144376351, -0.11660422630597245, 0), (-20.796004224878622, -36.42586920377255, 102.10848214990123, 1) ), ( (0.1285977283016084, -0.13700157059956355, -0.9821902058510307, 0), (0.10079167046787244, -0.9834755068857808, 0.15037746064962199, 0), (-0.9865620812130387, -0.11833480542228095, -0.11266410809630202, 0), (-19.703211295942033, -17.001928432894715, 70.21891883879456, 1) ), ( (0.08674444243495204, -0.012465147966292438, -0.9961541943413936, 0), (0.10819406901166677, -0.9938879538403494, 0.021858253969342472, 0), (-0.990338187226346, -0.10967406066131258, -0.08486553992606063, 0), (-15.464330196461269, -21.51767858833972, 37.84384695572785, 1) ), ( (-0.07100301674020212, -0.7133575740914918, -0.6972055656194494, 0), (-0.07323845667208503, -0.6933433357563624, 0.7168644502135124, 0), (-0.9947847318579977, 0.10196193336946263, -0.003015713543793259, 0), (-13.24606013544522, -21.836442885406804, 12.3697259416485, 1) ), ( (0.9999999403952909, -4.472149581818691e-8, 1.1354259637071451e-7, 0), (1.1354261175582033e-7, 2.1866990018713927e-7, -0.9999999740212596, 0), (4.472147393952389e-8, 0.9999999144166788, 2.186698921494133e-7, 0), (-10.16654943276019, -21.286692920154113, 138.27232339105268, 1) ), ( (-0.9999998884379311, -2.9245326916477724e-7, -1.1354260910602222e-7, 0), (1.1354256823628641e-7, 1.888675983385716e-7, -0.9999999740212628, 0), (2.9245328765962353e-7, -0.99999991441664, -1.369102356481991e-7, 0), (10.16653839785606, -21.286694216274984, 138.27232171728193, 1) ), ( (-0.036651007969323475, -0.30827354417324143, -0.9505914971287779, 0), (-0.10234209676194093, -0.9450712537633281, 0.3104292609029397, 0), (-0.9940737552271124, 0.1086630695242177, 0.0030885010215970276, 0), (-19.837937493187873, 100.3983755284465, 123.45751151165356, 1) ), ( (0.07695933063422507, 0.670890000081929, -0.7375526598217117, 0), (-0.07787938462784846, -0.733441622765803, -0.6752768213719178, 0), (-0.993988108000076, 0.10940895422553422, -0.004196619122218077, 0), (-21.51948385466529, 86.2547903904422, 79.84436677038455, 1) ), ( (-0.009773382054382239, -0.04566062809131487, -0.9989167440839314, 0), (-0.10639475881170586, -0.9932306985618554, 0.04644168736959548, 0), (-0.9942757529986277, 0.10673344160254061, 0.00484923899565981, 0), (-18.383274691802093, 113.5944537613693, 49.78757996614067, 1) ), ( (-0.15165878623699924, -0.7050110697557663, -0.6928183621307974, 0), (-0.14383138812920948, -0.6776978324495713, 0.7211092985127727, 0), (-0.9779132803123051, 0.2090119565998854, 0.0013761027370410978, 0), (-18.74815021030087, 111.88977534556717, 12.49438847700636, 1) ), ( (2.5953001422006364e-8, 0.988749838034713, -0.1495780619334753, 0), (1.2637054908060108e-7, 0.14957809183165827, 0.9887498969687915, 0), (0.9999999194127115, -2.3816710960466992e-8, -1.0322276906368161e-7, 0), (-0.000007716407422364592, 112.11868888640754, 140.6668392207342, 1) ), ( (8.076104288473416e-8, 0.7988422794199456, -0.601540234288335, 0), (8.205868978151384e-8, 0.6015403305053997, 0.7988423270346573, 0), (0.9999998800328779, -6.565685869994068e-8, 7.081076302914533e-9, 0), (-0.00000751186094571923, 119.9114279802682, 139.48799122849977, 1) ), ( (2.0298649427985323e-9, 0.809562649729584, -0.5870334604805386, 0), (1.0013848947403675e-7, 0.5870335116899795, 0.8095626979832762, 0), (0.9999999241758324, -4.7297224704256275e-8, -7.317865610284644e-8, 0), (-0.000006113893443959763, 133.73936061373823, 129.07534841155268, 1) ), ( (8.185924026356779e-9, 0.8324661628052046, -0.5540759362223234, 0), (1.221971891798639e-7, 0.5540760607989795, 0.8324662124240485, 0), (0.9999998488442177, 1.692205663539775e-9, -5.6364523686128205e-8, 0), (-0.000006079495448396723, 147.455622136555, 119.12938777435329, 1) ), ( (7.222869532084636e-8, 0.8356614245804489, -0.5492454805013853, 0), (5.090643476881908e-8, 0.5492455636753925, 0.8356614743897539, 0), (0.9999998899589528, -4.6171056390609404e-8, 1.9865189419538632e-8, 0), (-0.000005952588499447155, 160.36211494349922, 110.53907135648522, 1) ), ( (9.098892311741376e-8, 0.8141160707755994, -0.5807031384182824, 0), (5.1721892318794584e-8, 0.580703213245621, 0.814116119300703, 0), (0.9999999001806468, -7.137106169207716e-8, 2.7591831951084515e-8, 0), (-0.000004934147022517289, 172.1447982502841, 102.79480121933838, 1) ), ( (2.789052534772766e-7, -2.0678879203604622e-15, -0.999999906166841, 0), (-1.5099577829516287e-7, 0.9999999999999886, -3.901305070896285e-14, 0), (0.9999999061668297, 1.5099576929511818e-7, 2.789052534772766e-7, 0), (-0.000010584765718135737, 90.02704611162838, 71.86743294904477, 1) ), ( (2.789052821210289e-7, -2.0678878938906842e-15, -0.999999906166841, 0), (-1.5099577829516282e-7, 0.9999999999999886, -3.901305499706714e-14, 0), (0.9999999061668297, 1.5099576929511813e-7, 2.789052821210289e-7, 0), (-0.000010175233541076546, 90.02704611162835, 57.52900102877822, 1) )]
        uniform token[] joints = ["RigRoot", "RigRoot/RigPelvis", "RigRoot/RigPelvis/RigLBLeg1", "RigRoot/RigPelvis/RigLBLeg1/RigLBLeg2", "RigRoot/RigPelvis/RigLBLeg1/RigLBLeg2/RigLBLeg3", "RigRoot/RigPelvis/RigLBLeg1/RigLBLeg2/RigLBLeg3/RigLBLegAnkle", "RigRoot/RigPelvis/RigSpine1", "RigRoot/RigPelvis/RigSpine1/RigSpine2", "RigRoot/RigPelvis/RigSpine1/RigSpine2/RigSpine3", "RigRoot/RigPelvis/RigSpine1/RigSpine2/RigSpine3/RigChest", "RigRoot/RigPelvis/RigSpine1/RigSpine2/RigSpine3/RigChest/RigLFLegCollarbone", "RigRoot/RigPelvis/RigSpine1/RigSpine2/RigSpine3/RigChest/RigLFLegCollarbone/RigLFLeg1", "RigRoot/RigPelvis/RigSpine1/RigSpine2/RigSpine3/RigChest/RigLFLegCollarbone/RigLFLeg1/RigLFLeg2", "RigRoot/RigPelvis/RigSpine1/RigSpine2/RigSpine3/RigChest/RigLFLegCollarbone/RigLFLeg1/RigLFLeg2/RigLFLeg3", "RigRoot/RigPelvis/RigSpine1/RigSpine2/RigSpine3/RigChest/RigLFLegCollarbone/RigLFLeg1/RigLFLeg2/RigLFLeg3/RigLFLegAnkle", "RigRoot/RigPelvis/RigSpine1/RigSpine2/RigSpine3/RigChest/RigNeck1", "RigRoot/RigPelvis/RigSpine1/RigSpine2/RigSpine3/RigChest/RigNeck1/RigNeck2", "RigRoot/RigPelvis/RigSpine1/RigSpine2/RigSpine3/RigChest/RigNeck1/RigNeck2/RigNeck3", "RigRoot/RigPelvis/RigSpine1/RigSpine2/RigSpine3/RigChest/RigNeck1/RigNeck2/RigNeck3/RigNeck4", "RigRoot/RigPelvis/RigSpine1/RigSpine2/RigSpine3/RigChest/RigNeck1/RigNeck2/RigNeck3/RigNeck4/RigHead", "RigRoot/RigPelvis/RigSpine1/RigSpine2/RigSpine3/RigChest/RigNeck1/RigNeck2/RigNeck3/RigNeck4/RigHead/RigLEar", "RigRoot/RigPelvis/RigSpine1/RigSpine2/RigSpine3/RigChest/RigNeck1/RigNeck2/RigNeck3/RigNeck4/RigHead/RigREar", "RigRoot/RigPelvis/RigSpine1/RigSpine2/RigSpine3/RigChest/RigNeck1/RigNeck2/RigNeck3/RigNeck4/RigHead/RigLEye", "RigRoot/RigPelvis/RigSpine1/RigSpine2/RigSpine3/RigChest/RigNeck1/RigNeck2/RigNeck3/RigNeck4/RigHead/RigREye", "RigRoot/RigPelvis/RigSpine1/RigSpine2/RigSpine3/RigChest/RigNeck1/RigNeck2/RigNeck3/RigNeck4/RigHead/RigLEyelid", "RigRoot/RigPelvis/RigSpine1/RigSpine2/RigSpine3/RigChest/RigNeck1/RigNeck2/RigNeck3/RigNeck4/RigHead/RigREyelid", "RigRoot/RigPelvis/RigSpine1/RigSpine2/RigSpine3/RigChest/RigNeck1/RigNeck2/RigNeck3/RigNeck4/RigHead/RigJaw", "RigRoot/RigPelvis/RigSpine1/RigSpine2/RigSpine3/RigChest/RigNeck1/RigNeck2/RigNeck3/RigNeck4/RigHead/RigJaw/RigTongue1", "RigRoot/RigPelvis/RigSpine1/RigSpine2/RigSpine3/RigChest/RigNeck1/RigNeck2/RigNeck3/RigNeck4/RigHead/RigJaw/RigTongue1/RigTongue2", "RigRoot/RigPelvis/RigSpine1/RigSpine2/RigSpine3/RigChest/RigNeck1/RigNeck2/RigNeck3/RigNeck4/RigHead/RigJaw/RigTongue1/RigTongue2/RigTongue3", "RigRoot/RigPelvis/RigSpine1/RigSpine2/RigSpine3/RigChest/RigRFLegCollarbone", "RigRoot/RigPelvis/RigSpine1/RigSpine2/RigSpine3/RigChest/RigRFLegCollarbone/RigRFLeg1", "RigRoot/RigPelvis/RigSpine1/RigSpine2/RigSpine3/RigChest/RigRFLegCollarbone/RigRFLeg1/RigRFLeg2", "RigRoot/RigPelvis/RigSpine1/RigSpine2/RigSpine3/RigChest/RigRFLegCollarbone/RigRFLeg1/RigRFLeg2/RigRFLeg3", "RigRoot/RigPelvis/RigSpine1/RigSpine2/RigSpine3/RigChest/RigRFLegCollarbone/RigRFLeg1/RigRFLeg2/RigRFLeg3/RigRFLegAnkle", "RigRoot/RigPelvis/RigSpine1/RigSpine2/RigSpine3/RigChest/RigLShoulderBlade", "RigRoot/RigPelvis/RigSpine1/RigSpine2/RigSpine3/RigChest/RigRShoulderBlade", "RigRoot/RigPelvis/RigRBLeg1", "RigRoot/RigPelvis/RigRBLeg1/RigRBLeg2", "RigRoot/RigPelvis/RigRBLeg1/RigRBLeg2/RigRBLeg3", "RigRoot/RigPelvis/RigRBLeg1/RigRBLeg2/RigRBLeg3/RigRBLegAnkle", "RigRoot/RigPelvis/RigTail1", "RigRoot/RigPelvis/RigTail1/RigTail2", "RigRoot/RigPelvis/RigTail1/RigTail2/RigTail3", "RigRoot/RigPelvis/RigTail1/RigTail2/RigTail3/RigTail4", "RigRoot/RigPelvis/RigTail1/RigTail2/RigTail3/RigTail4/RigTail5", "RigRoot/RigPelvis/RigTail1/RigTail2/RigTail3/RigTail4/RigTail5/RigTail6", "RigRoot/RigPelvis/RigUdder1", "RigRoot/RigPelvis/RigUdder1/RigUdder2"]
        uniform matrix4d[] restTransforms = [( (1, -2.1472077554414007e-23, 2.117582368135751e-22, 0), (2.1472077554413995e-23, 1, 6.123234262925839e-17, 0), (-2.117582368135751e-22, -6.123234262925839e-17, 1, 0), (-0.000004164126494288212, -5.504044485807325e-13, -1.2329567762273003e-19, 1) ), ( (2.028159080806926e-7, 2.6793996805870657e-15, 0.999999906166814, 0), (1.5099576404595599e-7, -0.9999999315429307, -2.2776582967495417e-14, 0), (0.9999999061668027, 1.509957550459088e-7, -1.343588542497981e-7, 0), (-0.000004039541181555251, 88.683349609375, 126.465576171875, 1) ), ( (-0.9505969109883208, 0.30825719938621765, 0.036649672081360496, 0), (0.3104128838974146, 0.9450766088935572, 0.10234280672025309, 0), (-0.0030888428044385866, 0.10866328919479466, -0.9940740303555436, 0), (-3.008061170578003, -11.7150239944458, 19.83793067932129, 1) ), ( (0.49151193226134915, -0.8708515302034483, 0.005880013681874007, 0), (0.8708452025549618, 0.4915378366230045, 0.004365460531373696, 0), (-0.006691915203446743, 0.0029749049641377943, 0.9999733029582989, 0), (45.880008697509766, 0.000010133121577382553, 0.0000010215051133855013, 1) ), ( (0.7054258643838959, 0.708731065441853, -0.008910022182167457, 0), (-0.7087328795647729, 0.705466714336636, 0.0031057051029101976, 0), (0.008486831226075285, 0.0041239798236028385, 0.9999551842151705, 0), (40.75173568725586, 0.0003393076767679304, 0.000013899492842028849, 1) ), ( (0.7256780357222179, 0.6842315304618769, -0.07218057785715386, 0), (-0.6880329473473769, 0.721885299116516, -0.07417112735892083, 0), (0.0013558756835594873, 0.10348692344438105, 0.9946296505665403, 0), (37.33363342285156, -0.0000044652069846051745, -0.000001966922127394355, 1) ), ( (-0.07307552519704008, 0.9973263815204694, -1.2163081291441293e-7, 0), (-0.9973263815204485, -0.07307552519700833, 2.4687400486889683e-7, 0), (2.3732572547071005e-7, 1.3934607622760743e-7, 0.9999999999999621, 0), (-6.954498767852783, 13.069877624511719, -6.396981575562677e-7, 1) ), ( (0.9990693364164751, -0.04313306178650578, 1.8046795217229671e-9, 0), (0.04313306178650578, 0.9990693364164751, -8.737888177541553e-11, 0), (-1.7992310534668803e-9, 1.6513891530168966e-10, 1, 0), (23.397478103637695, 0.000009927155588229652, -3.140184781039862e-13, 1) ), ( (0.999877121334371, 0.015660951651840612, -1.5150177157258307e-8, 0), (-0.015660951651840376, 0.999877121334371, 1.5710612975514554e-8, 0), (1.5394366002941087e-8, -1.5471423673090218e-8, 0.9999999999999998, 0), (26.346675872802734, -5.113263910061505e-7, -8.983566928549847e-13, 1) ), ( (0.9989581896040357, -0.045640029790981994, 1.262611795271026e-7, 0), (0.04564002979097858, 0.9989581896040435, 2.983471189917715e-8, 0), (-1.2749123563010412e-7, -2.4041054491710204e-8, 0.9999999999999916, 0), (25.455379486083984, -0.0000023561208308819914, 0.000002537309228500817, 1) ), ( (-0.005230225167020208, 0.4094387151284504, 0.9123226842790428, 0), (0.0012037497247643358, 0.9123370313033923, -0.40943827465680904, 0), (-0.9999856462383621, -0.0010432263934969654, -0.0052645940683295755, 0), (37.08293533325195, 2.598362922668457, -4.041641712188721, 1) ), ( (0.3255610972237932, 0.7901706988074227, 0.5192702897677712, 0), (0.04212345434392958, 0.5365227177694092, -0.8428332520155949, 0), (-0.9445822328017887, 0.2962670916676967, 0.14138617894774583, 0), (27.222862243652344, -0.003922850824892521, -0.00015480244474019855, 1) ), ( (0.7709517207819855, 0.6368554188972396, -0.006647519074770102, 0), (-0.6368668645653316, 0.7707866945676489, -0.01713750569729986, 0), (-0.005790291880621554, 0.017445765831896328, 0.9998309849924049, 0), (37.35545349121094, -1.7685728437299986e-7, -0.0000014486655572909513, 1) ), ( (0.9913238641309597, -0.12850953257044614, -0.028161178100848252, 0), (0.1283183987804104, 0.9916815534114987, -0.008360515348993746, 0), (0.029001357921759445, 0.004674385962885926, 0.9995688003206552, 0), (32.96211624145508, -0.00010769998334581032, 0.00003978772656410001, 1) ), ( (0.6974603069894075, 0.6858298036422019, -0.20773121345202658, 0), (-0.7116149968348098, 0.6970911458258229, -0.08779292091849851, 0), (0.08459618217789071, 0.2090557299143661, 0.974235544021209, 0), (25.57246208190918, -2.6492021021340406e-8, -0.0000011327881566103315, 1) ), ( (0.9971740919127329, -0.07512701984029524, -3.296365126589088e-7, 0), (0.0751270287961512, 0.9971742107851859, 4.367972953242404e-8, 0), (3.2542338527287723e-7, -6.832088078408991e-8, 0.9999999999999447, 0), (28.725339889526367, 14.390357971191406, -0.000005730971224693349, 1) ), ( (0.9105431737941773, -0.41341399918858684, 2.929943538184665e-7, 0), (0.41341409775418897, 0.9105433908846231, -2.3483020626018102e-8, 0), (-2.5707580289251665e-7, 1.425102625477822e-7, 0.9999999999999568, 0), (16.645429611206055, 0.000010442096026963554, -4.395802027500756e-13, 1) ), ( (0.9839425676156215, -0.17848536485993605, -3.2168550258335345e-8, 0), (0.17848536485993827, 0.9839425676156174, 9.15219102386243e-8, 0), (1.5316685359041014e-8, -9.57939185390283e-8, 0.9999999999999953, 0), (16.535987854003906, 0.000008469503882224672, 1.4002517678343707e-12, 1) ), ( (0.9953796302946553, 0.09601145476447878, 9.32687580703712e-8, 0), (-0.09601149482359886, 0.9953800455996513, -5.035098303346908e-8, 0), (-9.767220749994506e-8, 4.116350183449249e-8, 0.9999999999999943, 0), (16.233877182006836, 7.824576186976628e-7, -0.000007629393621755298, 1) ), ( (0.9999617439184626, -0.008726572583918547, 3.330182019287186e-8, 0), (0.00872657258392082, 0.9999617439184607, -6.869309755283743e-8, 0), (-3.2701102567858646e-8, 6.898110505475972e-8, 0.9999999999999971, 0), (17.83152961730957, -0.000011192594683961943, 0.000009494991900282912, 1) ), ( (-0.022759227024982013, -0.27998709133035043, 0.9597340941231642, 0), (0.5085246465018552, 0.8232735851203877, 0.25223611477999053, 0), (-0.8607464841891697, 0.4937890640426222, 0.12364324409506863, 0), (8.87282943725586, -1.4167057275772095, 13.171517372131348, 1) ), ( (-0.022759190429958664, -0.27998696772264253, -0.9597339957004536, 0), (0.5085246237420729, 0.8232735569571109, -0.2522360089580421, 0), (0.8607464168981828, -0.49378904717297106, 0.12364322375110842, 0), (8.872832298278809, -1.4167020320892334, -13.171517372131348, 1) ), ( (0.5266019468121583, 0.4641078577323375, 0.712245853802056, 0), (-0.5929131921200023, 0.800923525289148, -0.08351843873060638, 0), (-0.6092160952576924, -0.3783190405608652, 0.6969436462745219, 0), (18.415266036987305, 12.34531021118164, 11.851219177246094, 1) ), ( (0.5266020102294597, 0.4641080048531993, -0.7122456857759458, 0), (-0.5929132169756294, 0.8009234177249682, 0.08351848948849817, 0), (0.6092159159963813, 0.3783189441742287, 0.6969437532356061, 0), (18.41526985168457, 12.345314025878906, -11.851216316223145, 1) ), ( (0.6953418146041395, -0.0749493775652149, 0.7147602497143009, 0), (-0.29670955145396316, 0.8758923861697288, 0.38049420945788587, 0), (-0.6545708240454164, -0.4766497015524852, 0.5868063704787617, 0), (18.102203369140625, 12.394951820373535, 11.540959358215332, 1) ), ( (0.6953419047672185, -0.07494933415226512, -0.7147602724557842, 0), (-0.29670949641389655, 0.8758924986645251, -0.38049416729410623, 0), (0.6545708688562175, 0.47664964045897, 0.5868065088816723, 0), (18.10220718383789, 12.3949556350708, -11.540958404541016, 1) ), ( (0.26723830960684836, 0.9636302589742421, -1.803211756210905e-7, 0), (-0.963630431284818, 0.2672383573927868, -6.036529618385984e-8, 0), (-9.981085497019246e-9, 1.898949426186637e-7, 0.9999999999999819, 0), (5.5338454246521, 10.716425895690918, -0.0000051600254664663225, 1) ), ( (0.999098338663828, -0.04245456952756701, 2.129575713756019e-7, 0), (0.04245457711901386, 0.9990985173165612, 1.0774257887300739e-7, 0), (-2.1733974565455124e-7, -9.860440206093865e-8, 0.9999999999999715, 0), (15.005033493041992, 0.4528250992298126, 0.000004293533947929973, 1) ), ( (0.9925220877805898, -0.12206467807465295, -5.0110402333222966e-9, 0), (0.12206469990151955, 0.9925222652573797, -7.609959172989721e-9, 0), (5.902475893796678e-9, 6.941381011292517e-9, 1, 0), (7.678275108337402, 0.00002959592529805377, 6.896843122647378e-14, 1) ), ( (0.9797308270369439, -0.20031761808314477, -2.1793242100104732e-8, 0), (0.2003176777824585, 0.979731119019535, 3.683169420775369e-8, 0), (1.3973480892546605e-8, -4.045072035964663e-8, 0.9999999999999991, 0), (6.527856826782227, 0.000019032559066545218, 2.1569191745174354e-12, 1) ), ( (-0.005230936994724988, 0.40943819704261664, -0.9123228793786691, 0), (0.0012039070872180702, 0.9123372607233793, 0.40943775650870506, 0), (0.9999856119180013, 0.0010433837490317899, -0.0052653058510614414, 0), (37.08293914794922, 2.598365545272827, 4.041563987731934, 1) ), ( (0.3255598187862157, 0.790194969029077, -0.519231900702537, 0), (0.042105928532728744, 0.5364883153630993, 0.8428572449821967, 0), (0.9445834006873373, -0.2962631952957686, 0.14138714478812453, 0), (27.222803115844727, -0.00387338874861598, 0.0002204934717155993, 1) ), ( (0.7710005515138685, 0.6368039868023776, 0.006655881302235743, 0), (-0.63680928767119, 0.7708277785605905, 0.017144157592418875, 0), (0.0057869307996240744, -0.017456684081124964, 0.9998314696463126, 0), (37.355445861816406, -0.0000027933449473493965, -0.0000014512412462863722, 1) ), ( (0.991271435562046, -0.1287968034389424, 0.028127065686687887, 0), (0.12860871051735506, 0.9916601269142595, 0.008408745542031014, 0), (-0.02897550564772451, -0.004717962938258649, 0.9995686297676614, 0), (32.96210861206055, -0.0001075156033039093, -0.00004018866820842959, 1) ), ( (0.6972550258127251, 0.6860756438386345, 0.207722230063219, 0), (-0.7118178486816288, 0.696853091433583, 0.08773562426633262, 0), (-0.08455870617493816, -0.2090347430223974, 0.9742463606435278, 0), (25.572467803955078, -2.3021060258088255e-7, -6.306771069830575e-7, 1) ), ( (2.0281591817106204e-7, 4.710275680781806e-15, 0.9999999657714588, 0), (-1.7508861887955248e-7, 0.9999999999999847, 2.4807458807985482e-14, 0), (-0.9999999657714435, -1.7508861887955417e-7, 2.0281591817106204e-7, 0), (21.801578521728516, -22.42295265197754, -10.166548728942871, 1) ), ( (2.028159205025304e-7, 2.198129272189004e-15, -0.9999999657714564, 0), (-1.4528631509698244e-7, 0.9999999999999895, -2.229531239939268e-14, 0), (0.9999999657714458, 1.4528631509698413e-7, 2.028159205025304e-7, 0), (21.80158233642578, -22.422948837280273, 10.166540145874023, 1) ), ( (-0.9505916024369822, 0.30827356756539553, -0.036650921994890964, 0), (0.3104292542748819, 0.9450712850224371, -0.10234229530119016, 0), (0.0030883094268380207, -0.1086632298213634, -0.9940738425494917, 0), (-3.0080676078796387, -11.7150297164917, -19.837928771972656, 1) ), ( (0.4914729861729531, -0.8708729630923026, -0.00588016498015452, 0), (0.8708674137701673, 0.4914993321148051, -0.0043657466071088695, 0), (0.006692107054278048, -0.0029751972621140455, 0.9999734200173174, 0), (45.8800048828125, -0.000007110449587344192, -0.000001343378016827046, 1) ), ( (0.7053682501441092, 0.7087956301932491, 0.008911081849662841, 0), (-0.7087895734575299, 0.7054012982918928, -0.003108108787731652, 0), (-0.008488907693625598, -0.0041237230966786505, 0.9999552272561943, 0), (40.75172805786133, 0.0003575282171368599, -0.000011361725228198338, 1) ), ( (0.7257303571882779, 0.6841990363000771, 0.07218223428614165, 0), (-0.6879786524459987, 0.7219142880565538, 0.07417244970406182, 0), (-0.0013606723031898348, -0.1034891816352652, 0.9946308473249684, 0), (37.33363342285156, 0.0000012221256611155695, -4.771802650793688e-7, 1) ), ( (-0.14957808921474758, -0.9887499308122395, 1.7948440103257159e-7, 0), (0.9887499308122548, -0.14957808921475313, -1.773456702996335e-8, 0), (4.4381982708857754e-8, 1.7481248437280416e-7, 0.9999999999999838, 0), (14.201264381408691, -23.435340881347656, 0.000001145655232903664, 1) ), ( (0.8798325779980664, -0.47528360588141666, 7.608733595091273e-8, 0), (0.4752836058814199, 0.8798325779980674, -3.14885653984712e-8, 0), (-5.197812328293631e-8, 6.386773795337232e-8, 0.9999999999999966, 0), (7.8814005851745605, 0.000037049427191959694, -4.205872629337026e-12, 1) ), ( (0.9998374327379314, 0.01803736480136649, -3.606504026797247e-8, 0), (-0.01803736480136583, 0.9998374327379319, 1.846107475753147e-8, 0), (3.639215772213944e-8, -1.7807551086461023e-8, 0.9999999999999992, 0), (17.309967041015625, -0.0000014866152469039662, -3.3695500816638413e-12, 1) ), ( (0.9991947345249442, 0.04012631050660313, -7.320518182203066e-8, 0), (-0.04012631050660165, 0.9991947345249468, 2.1569965944959332e-8, 0), (7.40117377826241e-8, -1.861513787881588e-8, 0.9999999999999971, 0), (16.942785263061523, 0.000026219036953989416, 3.805233905751493e-12, 1) ), ( (0.9999834669193982, 0.005791608277846338, 1.0444839637005778e-7, 0), (-0.005791608277838858, 0.9999834669194011, -7.17715514014402e-8, 0), (-1.0486229220825101e-7, 7.11654066901786e-8, 0.999999999999992, 0), (15.503905296325684, 0.000029339684260776266, -1.0428654467764531e-11, 1) ), ( (0.9992733456091039, -0.038121616010640284, 3.093837853857513e-8, 0), (0.0381216160106403, 0.9992733456091043, 2.1691633870648593e-11, 0), (-3.091670920808384e-8, 1.1577445509782138e-9, 0.9999999999999996, 0), (14.099830627441406, -0.000002260711653434555, 2.922019570750223e-11, 1) ), ( (-1, 6.185086463646179e-14, 4.132641890919331e-7, 0), (-6.185087052514725e-14, -1.0000000000000853, -1.4249190504481676e-14, 0), (4.132641890919331e-7, -1.4249216065230313e-14, 0.9999999999999146, 0), (-54.598148345947266, -1.3436965942382812, 0.000008895168321032543, 1) ), ( (1, -4.2915580168703744e-21, 2.842170943040401e-14, 0), (4.2915580168703744e-21, 1, 1.299237581484367e-23, 0), (-2.842170943040401e-14, -1.2992375814721698e-23, 1, 0), (14.338433265686035, 5.400124791776761e-13, -0.000003589532525438699, 1) )]
    }
    variantSet "LOD" = {
        "LOD0" {
            def Mesh "LOD0" (
                prepend apiSchemas = ["SkelBindingAPI"]
            )
            {
