#usda 1.0
(
    defaultPrim = "SK_Cow"
    metersPerUnit = 0.009999999776482582
    upAxis = "Z"
)

def SkelRoot "SK_Cow" (
    prepend apiSchemas = ["SkelBindingAPI"]
    variants = {
        string LOD = "LOD0"
    }
    prepend variantSets = "LOD"
)
{
    rel skel:skeleton = </SK_Cow/Skel>

    def Skeleton "Skel"
    {
        uniform matrix4d[] bindTransforms = [( (1, 0, -0, 0), (0, 1, 6.123234262925839e-17, 0), (0, -6.123234262925839e-17, 1, 0), (0, -0, 0, 1) ), ( (2.9801846856969405e-7, 5.960398752336005e-8, -1.0000000000048406, 0), (0.999999999995115, -0.000004410748609018356, 2.98023092426547e-7, 0), (-0.000004410743704497122, -0.9999999999951577, -5.961018878508639e-8, 0), (0, 42.29999923706054, 111.2091064453125, 1) ), ( (0.000005781619216382872, -1.0000000298168157, -8.939833495702487e-8, 0), (0.000001519918579440116, 5.957346171925337e-8, -1.000000029832547, 0), (1.0000000298156646, 0.000005811452786608218, 0.000001490085392852336, 0), (-9.994988790143632e-20, 42.299999237060554, 111.2091064453125, 1) ), ( (-0.000004470908492981707, -0.9999997519483541, -0.0007966458416744371, 0), (-0.0000026369755235511327, 0.0007965765729183172, -0.9999997519545551, 0), (1.0000000692672042, -0.000004399525992682118, -0.0000027097615933335817, 0), (-0.00010802665578069091, 17.316446761442055, 91.00385763694885, 1) ), ( (-0.000004470908492981707, -0.9999997519483541, -0.0007966458416744371, 0), (-0.0000026369755235511327, 0.0007965765729183172, -0.9999997519545551, 0), (1.0000000692672042, -0.000004399525992682118, -0.0000027097615933335817, 0), (-0.00027656454474112035, -20.379208364555783, 91.00384663819008, 1) ), ( (-0.000004473435095020406, -0.984520542886802, 0.17526988795695436, 0), (-0.0000034140344017941082, -0.17527000444771978, -0.9845205428930159, 0), (1.0000001164894488, -0.000004887864268665609, -0.000002714052777852416, 0), (-0.0004719483940931469, -64.04284869250635, 92.22934481807786, 1) ), ( (-0.000004226378802925066, -0.9382856271138765, 0.3458611629294521, 0), (-0.000004171086156060634, -0.3458612131668195, -0.9382856271199208, 0), (1.000000050236291, -0.0000053610158746719705, -0.000002519564881175995, 0), (-0.0005533862017443881, -81.96531278160151, 95.434497843371, 1) ), ( (-0.000003955757030886545, -0.8627398511402666, 0.5056479927860645, 0), (-0.0000048844821161993665, -0.5056480836613328, -0.8627398511459639, 0), (1.0000000908744235, -0.00000580420095369627, -0.000002350671198803056, 0), (-0.0006303150623878652, -99.04354482083815, 101.74490552270706, 1) ), ( (-0.0000037115981968650963, -0.8086829654008303, 0.5882446518364243, 0), (-0.000005255246615345625, -0.5882447255044574, -0.8086829654062607, 0), (1.0000000736673067, -0.000006033287938578269, -0.000002183535117605828, 0), (-0.0007131886965012769, -115.47124194213622, 114.44917327869848, 1) ), ( (-0.0000032711787225190497, -0.7440460544443922, -0.6681282814589882, 0), (2.663707418511585e-7, 0.6681281964375553, -0.7440460544487094, 0), (1.0000000850190678, -0.000002548615941455612, -0.000002015592342141659, 0), (-0.0007348828571904776, -119.2322508043207, 102.93352518953378, 1) ), ( (-0.5260552958418461, -0.12819453786944712, -0.840732835744932, 0), (-0.847727646603766, 0.0000036751752425789874, 0.5304315699164623, 0), (-0.06799542096175844, 0.9917488877687959, -0.1086758483756379, 0), (-2.9268250850691118, -58.0748451001443, 105.83282375205768, 1) ), ( (0.026654333008489406, 0.4176459212013264, -0.9082187473176702, 0), (-0.031095260197235203, 0.9084484604202131, 0.4168389437019823, 0), (0.9991608351461078, 0.01713076196078552, 0.03720089696377619, 0), (-15.342001843029312, -61.10030575116345, 85.99108968614343, 1) ), ( (0.03943255584430011, -0.15697179969413474, -0.9868154249351511, 0), (-0.01106542900497787, 0.9874545571644997, -0.15751562267167196, 0), (0.9991608404552726, 0.01713076941813058, 0.037200895120435486, 0), (-14.481001673576522, -47.60932548270412, 56.65340225151121, 1) ), ( (0.0031729605833358994, -0.1517872996781103, -0.9884079380084362, 0), (0.9995845519263309, -0.027832812507898014, 0.007482977773042896, 0), (-0.02864608061412609, -0.9880210182270022, 0.15163601378858943, 0), (-13.427406260681504, -51.80343876904247, 30.28674986322086, 1) ), ( (0.004110209851551177, -0.012521643360336223, -0.9999127857402014, 0), (0.9995759921412262, -0.028774191613498167, 0.004469028816863446, 0), (-0.02882776670355399, -0.9995070148697105, 0.012398197121374788, 0), (-13.373581204455473, -54.37828742393736, 13.519858751967003, 1) ), ( (0.5260544511277331, -0.12819923485316886, -0.8407328492345314, 0), (0.8477276610486569, -0.000004000202277421039, 0.5304318286279925, 0), (-0.06800426266515822, -0.9917484313381267, 0.10867589403946544, 0), (2.925930866944963, -58.07487086164926, 105.83282315127076, 1) ), ( (-0.026650468311175127, 0.4176463461430837, -0.9082189862148002, 0), (0.031103222311450456, 0.9084481382366639, 0.4168390894835809, 0), (0.999160862875231, -0.017139615162795177, -0.037200712528184396, 0), (15.341088422982073, -61.100439492058236, 85.99109332557016, 1) ), ( (-0.0394337796934085, -0.15697142269533906, -0.9868157321645418, 0), (0.011074248624308934, 0.9874544680450964, -0.15751557518723752, 0), (0.9991608678232022, -0.017139655659340752, -0.037200716304289595, 0), (14.480212958245906, -47.609444208561726, 56.653402970581595, 1) ), ( (-0.003174087274022333, -0.15178723445877712, -0.9884082383523188, 0), (-0.99958497238171, -0.027824098231869633, 0.0074827560350847295, 0), (-0.028637263883728645, 0.9880214547230584, -0.15163595896746276, 0), (13.426585051217073, -51.80355226697929, 30.28674313592941, 1) ), ( (-0.00411001134061222, -0.012521512946047838, -0.9999130197822578, 0), (-0.9995763063528135, -0.02876532868642706, 0.004468801129896217, 0), (-0.028818732288265824, 0.9995074488970365, -0.012398022191048508, 0), (13.372741592400887, -54.3784024370862, 13.519847330089018, 1) ), ( (0.17438043112648538, -0.019366477584459016, -0.9844879537300414, 0), (-0.0000030878057000610637, -0.9998067333823983, 0.019667274427888022, 0), (-0.9846784203403968, -0.0034265491280658315, -0.17434691525154333, 0), (13.763184299392442, 42.299936508409445, 111.2091064047112, 1) ), ( (0.12260260146518502, 0.6973740032116903, -0.7061430528631883, 0), (0.12400460155266342, -0.7166994168039126, -0.686269139830471, 0), (-0.9846784291113714, -0.0034265479833719414, -0.17434691792393187, 0), (21.487973847539244, 41.44202942096177, 67.59777414649469, 1) ), ( (0.17418051919175842, -0.06718280914894999, -0.9824191281792031, 0), (-0.008346827589576555, -0.9977350191217569, 0.06675031142870211, 0), (-0.9846783995402563, -0.003426524247843288, -0.17434686139066824, 0), (24.948014752551725, 61.12303853926013, 47.66928950883526, 1) ), ( (0.17141567978725075, 0.024450149271339275, -0.9848952062973501, 0), (0.004188042262509348, -0.9997012540765751, -0.024088803980904593, 0), (-0.9851899231176827, 0.000004416980469637913, -0.17146694860725664, 0), (30.07988739867097, 59.14363533143366, 18.72432808130204, 1) ), ( (-0.17438051853456044, -0.019364959655788574, -0.984487960182581, 0), (-0.000005567845230852048, -0.9998067763446268, 0.019667266334019853, 0), (-0.9846783969276105, 0.0034350673171764635, 0.17434648643387388, 0), (-13.763182887624403, 42.300057669104255, 111.20910851536857, 1) ), ( (-0.12259657681753239, 0.6973750433696749, -0.7061430504721645, 0), (-0.12401062068406705, -0.7166983747865487, -0.6862691939493235, 0), (-0.9846784069621661, 0.003435056143028377, 0.17434646667186013, 0), (-21.487977011870164, 41.442215841662005, 67.5977761350049, 1) ), ( (-0.17418099017690092, -0.06718134307030442, -0.9824190962532476, 0), (0.008338205006128594, -0.9977351795340144, 0.06675035852756685, 0), (-0.984678399413873, 0.0034350253438854366, 0.1743464673780884, 0), (-24.947849224275025, 61.123254320248094, 47.66929180148295, 1) ), ( (-0.1714153316520552, 0.02445161415167873, -0.9848951797881711, 0), (-0.004196852013277166, -0.9997012520676453, -0.024088759074472214, 0), (-0.9851899542058256, 0.0000042788372698146195, 0.1714665635885301, 0), (-30.079732989254797, 59.1438994985294, 18.72433047065324, 1) ), ( (0.000001510578912733429, 0.23028222107624413, -0.9731238438385317, 0), (-0.000004329273065137307, -0.9731238022255193, -0.2302822210805232, 0), (-0.9999999583860715, 0.000004551197961263909, -3.9093694370606613e-7, 0), (0.000001981937455042171, 41.796648388533924, 72.84097171068427, 1) ), ( (0.20128828933675527, -0.03693641673830043, -0.9788354462086557, 0), (-0.000005874907566377469, -0.9992884918858445, 0.03770700872656405, 0), (-0.9795319221258763, -0.007584226200051885, -0.2011451547726112, 0), (7.899970819581824, 34.09190558374607, 50.835038899285024, 1) ), ( (-0.20128779733128965, -0.03693446377106644, -0.9788354710874275, 0), (0.0000032413124084427144, 0.9992886038232538, -0.03770688676794371, 0), (0.9795321652815142, -0.007593115164297803, -0.20114455411353446, 0), (-7.900023945283213, 34.09197754223925, 50.83503665427021, 1) ), ( (-0.03074840874974458, 0.29692729803076234, -0.9544048138941305, 0), (0.000004744755363756638, 0.9548563220828641, 0.2970676079222845, 0), (0.9995272514380806, 0.009129837526649474, -0.029361729024578977, 0), (-4.7999185022903035, 57.92709689074693, 54.236329101323534, 1) ), ( (0.030751628916676814, 0.2969269704574382, -0.9544047446922949, 0), (-0.000004374882425245419, -0.9548563814883906, -0.2970676301971411, 0), (-0.9995270284740404, 0.009139481644251546, -0.029362038441236304, 0), (4.800079572359028, 57.927058328284026, 54.23633602808947, 1) ), ( (0.000004632578612939753, 0.8282116395294399, -0.560415418935756, 0), (-8.023995791139882e-7, 0.5604154381174727, 0.8282116395359124, 0), (0.9999999808161688, -0.0000033711993046026123, 0.0000032691533143891505, 0), (0.0001109667787915213, 67.57076293001813, 118.91916905451683, 1) ), ( (0.000004409416275219513, 0.6308475489523314, -0.775906776010589, 0), (6.379364519970565e-7, 0.7759067984673542, 0.630847548960445, 0), (0.9999999775389515, -0.0000032624854399698755, 0.0000030238865531551085, 0), (0.00017118572268692833, 78.33549568359317, 111.62678130843084, 1) ), ( (0.000004558822243039273, 0.6365197487194999, -0.7712603354185971, 0), (5.860008787106352e-7, 0.7712603876644912, 0.6365197487278911, 0), (0.999999947749798, -0.0000033204880837689466, 0.000003154987133990872, 0), (0.00021114250614395747, 84.04957701429116, 104.58530844230896, 1) ), ( (0.000005201956648548389, 0.6961776048070829, -0.717869413956273, 0), (3.827997256400373e-7, 0.7178695374868116, 0.6961776048174049, 0), (0.999999876464344, -0.0000038102926765981593, 0.0000035026789202419195, 0), (0.0002598292734621309, 90.84460570251417, 96.33613377766032, 1) ), ( (0.0000057233570841859075, 0.7807340182182375, -0.6248631486313638, 0), (-1.9825458803111841e-7, 0.6248633081614371, 0.7807340182296173, 0), (0.9999998404649402, -0.0000042199964230271725, 0.0000037909417138770607, 0), (0.00032548354351646925, 99.62852549173019, 87.26545693939032, 1) ), ( (0.000005810554920655919, 0.8395298244113574, -0.5433131097257315, 0), (-8.526186564558731e-7, 0.5433132598750151, 0.8395298244218796, 0), (0.9999998498468732, -0.000004288852666511911, 0.0000039413164194535, 0), (0.000391418052604564, 108.6204522458916, 80.05828290426328, 1) ), ( (0.000005906835028055959, 0.8618555659360798, -0.5071532364001168, 0), (-0.0000010948487465428652, 0.5071534063248151, 0.8618555659465608, 0), (0.9999998300716813, -0.000004389145402627914, 0.000004023013787324281, 0), (0.0004512120313968636, 117.25570511766747, 74.45199173350903, 1) )]
        uniform token[] joints = ["root", "root/COW_", "root/COW_/COW__Pelvis", "root/COW_/COW__Pelvis/COW__Spine", "root/COW_/COW__Pelvis/COW__Spine/COW__Spine1", "root/COW_/COW__Pelvis/COW__Spine/COW__Spine1/COW__Neck", "root/COW_/COW__Pelvis/COW__Spine/COW__Spine1/COW__Neck/COW__Neck1", "root/COW_/COW__Pelvis/COW__Spine/COW__Spine1/COW__Neck/COW__Neck1/COW__Neck2", "root/COW_/COW__Pelvis/COW__Spine/COW__Spine1/COW__Neck/COW__Neck1/COW__Neck2/COW__Head", "root/COW_/COW__Pelvis/COW__Spine/COW__Spine1/COW__Neck/COW__Neck1/COW__Neck2/COW__Head/COW__Queue_de_cheval_1", "root/COW_/COW__Pelvis/COW__Spine/COW__Spine1/COW__R_Clavicle", "root/COW_/COW__Pelvis/COW__Spine/COW__Spine1/COW__R_Clavicle/COW__R_UpperArm", "root/COW_/COW__Pelvis/COW__Spine/COW__Spine1/COW__R_Clavicle/COW__R_UpperArm/COW__R_Forearm", "root/COW_/COW__Pelvis/COW__Spine/COW__Spine1/COW__R_Clavicle/COW__R_UpperArm/COW__R_Forearm/COW__R_Hand", "root/COW_/COW__Pelvis/COW__Spine/COW__Spine1/COW__R_Clavicle/COW__R_UpperArm/COW__R_Forearm/COW__R_Hand/COW__R_Finger0", "root/COW_/COW__Pelvis/COW__Spine/COW__Spine1/COW__L_Clavicle", "root/COW_/COW__Pelvis/COW__Spine/COW__Spine1/COW__L_Clavicle/COW__L_UpperArm", "root/COW_/COW__Pelvis/COW__Spine/COW__Spine1/COW__L_Clavicle/COW__L_UpperArm/COW__L_Forearm", "root/COW_/COW__Pelvis/COW__Spine/COW__Spine1/COW__L_Clavicle/COW__L_UpperArm/COW__L_Forearm/COW__L_Hand", "root/COW_/COW__Pelvis/COW__Spine/COW__Spine1/COW__L_Clavicle/COW__L_UpperArm/COW__L_Forearm/COW__L_Hand/COW__L_Finger0", "root/COW_/COW__Pelvis/COW__Spine/COW__L_Thigh", "root/COW_/COW__Pelvis/COW__Spine/COW__L_Thigh/COW__L_Calf", "root/COW_/COW__Pelvis/COW__Spine/COW__L_Thigh/COW__L_Calf/COW__L_HorseLink", "root/COW_/COW__Pelvis/COW__Spine/COW__L_Thigh/COW__L_Calf/COW__L_HorseLink/COW__L_Foot", "root/COW_/COW__Pelvis/COW__Spine/COW__R_Thigh", "root/COW_/COW__Pelvis/COW__Spine/COW__R_Thigh/COW__R_Calf", "root/COW_/COW__Pelvis/COW__Spine/COW__R_Thigh/COW__R_Calf/COW__R_HorseLink", "root/COW_/COW__Pelvis/COW__Spine/COW__R_Thigh/COW__R_Calf/COW__R_HorseLink/COW__R_Foot", "root/COW_/COW__Pelvis/UdderBase", "root/COW_/COW__Pelvis/UdderBase/Udder_L_1", "root/COW_/COW__Pelvis/UdderBase/Udder_R_1", "root/COW_/COW__Pelvis/UdderBase/Udder_R_2", "root/COW_/COW__Pelvis/UdderBase/Udder_L_2", "root/COW_/COW__Pelvis/COW__Tail", "root/COW_/COW__Pelvis/COW__Tail/COW__Tail1", "root/COW_/COW__Pelvis/COW__Tail/COW__Tail1/COW__Tail2", "root/COW_/COW__Pelvis/COW__Tail/COW__Tail1/COW__Tail2/COW__Tail3", "root/COW_/COW__Pelvis/COW__Tail/COW__Tail1/COW__Tail2/COW__Tail3/COW__Tail4", "root/COW_/COW__Pelvis/COW__Tail/COW__Tail1/COW__Tail2/COW__Tail3/COW__Tail4/COW__Tail5", "root/COW_/COW__Pelvis/COW__Tail/COW__Tail1/COW__Tail2/COW__Tail3/COW__Tail4/COW__Tail5/COW__Tail6"]
        uniform matrix4d[] restTransforms = [( (1, 0, -0, 0), (0, 1, 6.123234262925839e-17, 0), (0, -6.123234262925839e-17, 1, 0), (0, -0, 0, 1) ), ( (2.9801846856969405e-7, 5.960398752336005e-8, -1.0000000000048406, 0), (0.999999999995115, -0.000004410748609018356, 2.98023092426547e-7, 0), (-0.000004410743704497122, -0.9999999999951577, -5.961018878508639e-8, 0), (0, 42.29999923706055, 111.2091064453125, 1) ), ( (-3.2741809263825417e-11, 0.000010222196749509749, 1.0000000297765723, 0), (1.0000000298280725, 0.0000011920662643660762, -2.9808568058342644e-8, 0), (-0.0000012218953884257644, 1.0000000297758262, -0.000010252025532508924, 0), (0, -1.6263032587282567e-19, -1.4210854715202004e-14, 1) ), ( (0.9999996826967439, 0.0007965564040763031, -0.000010214289829087739, 0), (-0.0007965564465234063, 0.9999996827402553, -0.000004152264406676265, 0), (0.000010210979075830798, 0.000004160399347238371, 0.9999999999392135, 0), (24.983552932739258, 20.205245971679688, -0.0002831823658198118, 1) ), ( (1, -1.0842021724855044e-19, -6.580221772859335e-22, 0), (1.0842021724855044e-19, 1, -4.235164736271502e-22, 0), (6.580221772859335e-22, 4.235164736271502e-22, 1, 0), (37.695640563964844, -0.030019083991646767, -8.328900236165282e-8, 1) ), ( (0.984380487045734, -0.17605413428434247, -4.883036907810204e-7, 0), (0.17605413428434247, 0.9843804870458541, -4.332219519056229e-8, 0), (4.883036765268814e-7, -4.332235585498911e-8, 0.9999999999998799, 0), (43.66264724731445, -1.2602821588516235, -0.000003495481905702036, 1) ), ( (0.9843803591635731, -0.17605416213362404, -4.883036565372989e-7, 0), (0.17605416213362404, 0.9843803591636933, -4.332224837563041e-8, 0), (4.88303707363316e-7, -4.332233677182561e-8, 0.9999999999998799, 0), (18.206796646118164, -0.014270720072090626, -3.960528971447275e-8, 1) ), ( (0.9843805002143086, -0.1760540600700411, -4.883036233230059e-7, 0), (0.1760540600700411, 0.9843805002144287, -4.332229405335133e-8, 0), (4.883036307428589e-7, -4.3322210421015725e-8, 0.9999999999998799, 0), (18.206787109375, -0.014267634600400925, -3.959306837941767e-8, 1) ), ( (0.9951278222329943, -0.09859319068820582, -2.7345430396283013e-7, 0), (0.09859319068820582, 0.9951278222330319, -1.3513452273975434e-8, 0), (2.7345432035968503e-7, -1.3513120467888794e-8, 0.9999999999999625, 0), (20.596717834472656, -2.653846025466919, -0.000014360684872372076, 1) ), ( (0.20867448906749253, 0.9779851612098724, 0.0000027125379285283286, 0), (-0.9779851612098724, 0.2086744890735801, -0.000002194815856551068, 0), (-0.000002712534805623472, -0.000002194819716093781, 0.9999999999939124, 0), (-3.732555627822876, 11.52490234375, 0.000025018294763867743, 1) ), ( (0.12886673271623117, 0.8406317722745982, -0.5260525688589173, 0), (-0.00042241643505036564, -0.5304289638744706, -0.8477289884718928, 0), (-0.9916616288308161, 0.10946615159594096, -0.06799932983404129, 0), (37.68382263183594, -14.858993530273438, -2.9264190196990967, 1) ), ( (0.6960078863629822, -0.5043420491428581, 0.511089163705666, 0), (-0.45055056361705664, 0.24746812465643117, 0.8577668617772148, 0), (-0.559086105902562, -0.8272839132894005, -0.05499182159167759, 0), (23.600521087646484, -0.000002543058371884399, -0.0000027796359063358977, 1) ), ( (0.8317367935189969, -0.555170054102602, 4.639887650893482e-9, 0), (0.555170054102602, 0.8317367935189969, -6.7178549964979525e-9, 0), (-1.296133957618121e-10, 8.16341481739075e-9, 1, 0), (32.30244445800781, -0.000004296294264349854, -7.577715877005176e-8, 1) ), ( (0.9993279122916515, 0.005771532506898436, -0.03619962839494595, 0), (0.036400775805544794, -0.03972321821876945, 0.9985474454831593, 0), (0.004325182300753882, -0.9991939690347943, -0.03990660660287176, 0), (26.718929290771484, 0.000005199003226152854, -2.011027930848286e-7, 1) ), ( (0.9902357368348647, -0.0030254395812310936, -0.13936884077336217, 0), (0.003121880110316954, 0.9999951340921382, 0.0004733654042884967, 0), (0.13936670555819416, -0.000903836008022923, 0.9902401864302876, 0), (16.963533401489258, 4.253039094237465e-7, -2.884088416976738e-7, 1) ), ( (0.1288666492375281, 0.8406290076346998, 0.5260572547024527, 0), (-0.00042235350477071165, -0.530433848930393, 0.8477262017288787, 0), (0.991661771013635, -0.1094658009370857, -0.06800016847901318, 0), (37.68382263183594, -14.8590087890625, 2.9263365268707275, 1) ), ( (0.6960079253953855, -0.5043421022936254, -0.5110893044143722, 0), (-0.4505506436749243, 0.2474681271353712, -0.857766838284668, 0), (0.5590861080304155, 0.8272839367819446, -0.05499186800881439, 0), (23.60051727294922, 4.970015083927137e-7, 3.769866339098371e-7, 1) ), ( (0.8317367935189969, -0.5551700541026021, -4.390315174632829e-9, 0), (0.5551700541026019, 0.8317367935189961, 4.021643931608948e-8, 0), (-1.8675378222816856e-8, -3.588686809871254e-8, 0.9999999999999992, 0), (32.30244064331055, -0.0000011306379974485026, -2.590489032172627e-7, 1) ), ( (0.999327912484231, 0.005771541591995888, 0.036199621628307144, 0), (0.03640076940611925, -0.03972321797171019, -0.9985474456260102, 0), (-0.004325191648145962, 0.9991939688919435, -0.03990660665735151, 0), (26.718929290771484, 2.968832291116996e-7, 4.6136659648254863e-7, 1) ), ( (0.9902356757526142, -0.0030254424055626596, 0.1393688471034052, 0), (0.0031218623332790545, 0.9999950150065636, -0.00047322002688564985, 0), (-0.1393667206505952, 0.0009036897246111765, 0.990240184449339, 0), (16.963533401489258, -2.0852588988873322e-7, -0.0000023827901713957544, 1) ), ( (0.02014998348549113, 0.9844716850619721, 0.174383180227776, 0), (0.9997906025483627, -0.020463765712674054, 0.0000012589382176741992, 0), (0.0035697746558356336, 0.1743466382149208, -0.9846778838533297, 0), (-24.999635696411133, -20.185375213623047, 13.763126373291016, 1) ), ( (0.7030630544519019, -0.7111273498097249, 3.861021964303894e-9, 0), (0.7111275193557175, 0.7030632220752162, 5.391131069604135e-9, 0), (-6.548323271910593e-9, -1.0446261387688654e-9, 1, 0), (44.298492431640625, 0.000001324703134741867, 6.706067097184132e-7, 1) ), ( (0.6682319835277841, 0.7439528714332234, 1.931052497916516e-8, 0), (-0.7439529157762729, 0.6682320233575161, 2.2374916642220804e-8, 0), (3.74197329484165e-9, -2.931775827089614e-8, 0.9999999999999996, 0), (28.22159767150879, -8.010187571017013e-7, 2.921647137554828e-7, 1) ), ( (0.9957948117163732, -0.09156760425547084, 0.002840200148180389, 0), (0.09155750923939998, 0.9957936344492369, 0.003501431057706384, 0), (-0.003148870884210963, -0.0032266652271599576, 0.9999898365700975, 0), (29.46294593811035, -2.6173864853262785e-7, -0.000001445665702703991, 1) ), ( (0.02014997927344504, 0.9844726123976647, -0.17437772386825787, 0), (0.9997906241231433, -0.020463779034245455, -0.0000012211010251839127, 0), (-0.0035696242637582257, -0.1743411837908102, -0.9846788327515112, 0), (-24.999635696411133, -20.185302734375, -13.763238906860352, 1) ), ( (0.7030630544519019, -0.711127349809725, -1.9213917455488893e-9, 0), (0.7111275193557174, 0.7030632220752161, -1.749787544381822e-8, 0), (1.3794077571170608e-8, 1.0935755261069078e-8, 0.9999999999999999, 0), (44.298492431640625, 0.0000033094831906055333, 4.4378495545061014e-8, 1) ), ( (0.6682318951454734, 0.7439528815270602, -8.883790684530698e-9, 0), (-0.743952970213165, 0.6682319748049319, -3.0239963213793084e-8, 0), (-1.656067698000288e-8, 2.6816433560011812e-8, 0.9999999999999996, 0), (28.22159767150879, -8.020257951102394e-7, 0.0000010612764071993297, 1) ), ( (0.9957948089742494, -0.09156763374681998, -0.002840212315271505, 0), (0.091557533832661, 0.9957935730050154, -0.003501240798878388, 0), (0.003148865694682125, 0.0032264747675681688, 0.999989837200987, 0), (29.46294593811035, -0.000005474415956996381, -0.0000013991325431561563, 1) ), ( (-0.23028205576081717, 0.9731238353966264, 0.0000013281801382561572, 0), (0.9731238353423576, 0.23028219863644506, -0.000010334546197511481, 0), (-0.00001036265012062596, -0.0000010873776095027602, -0.9999998570713515, 0), (0.5033531188964844, 38.368133544921875, -0.00005924469587625936, 1) ), ( (0.9440227279315755, 0.26135125877355336, -0.20128795894447116, 0), (-0.2668120041130534, 0.9637484079339395, 0.0000013106374985383446, 0), (0.19399129220018743, 0.05370480870742762, 0.9795320572337202, 0), (19.64024543762207, 12.565211296081543, -7.899993896484375, 1) ), ( (0.9440226055051091, 0.261351106885485, 0.2012881394809864, 0), (0.2668118739064621, -0.9637483085542887, 0.0000013229574884443262, 0), (0.19399153366957486, 0.05370483797554324, -0.9795321166936275, 0), (19.640241622924805, 12.565210342407227, 7.900001525878906, 1) ), ( (0.9971311777826212, -0.0691644458805764, 0.030750197045577625, 0), (-0.06919714884980484, -0.9976029226116528, -5.275089162042387e-7, 0), (0.03067653091712037, -0.00212730056056043, -0.9995272575398891, 0), (21.819171905517578, -11.412586212158203, 4.8000030517578125, 1) ), ( (0.9971311316323965, -0.06916440929754275, -0.030749836896326776, 0), (0.06919714488785857, 0.997603004806647, 1.5763546522967742e-7, 0), (0.03067612244012602, -0.002127958329305797, 0.9995271118470003, 0), (21.819169998168945, -11.412591934204102, -4.799995422363281, 1) ), ( (-0.8282115156732437, 0.5604154762709026, 0.000008574732113125877, 0), (-0.5604154762612712, -0.8282115157158252, 0.000003713242612454103, 0), (0.000009182651377665518, -0.0000017300621916782925, 0.9999999999563429, 0), (-25.270763397216797, -7.710060119628906, 0.00026879136567004025, 1) ), ( (0.9573054437511791, -0.2890783407388972, -2.6142971017990994e-7, 0), (0.2890783407389244, 0.9573054437512039, 7.24422578889973e-8, 0), (2.2932659689835128e-7, -1.4492303491104788e-7, 0.9999999999999633, 0), (13.002243995666504, -0.0069181956350803375, -2.0524714372527342e-8, 1) ), ( (0.9999731183685995, 0.007332294222425875, 1.1505783876917562e-7, 0), (-0.007332294222423649, 0.9999731183686059, -1.9751887473531854e-8, 0), (-1.1519957248139105e-7, 1.890771855897489e-8, 0.9999999999999932, 0), (9.068241119384766, -0.008501475676894188, -2.3443119445687444e-8, 1) ), ( (0.9967951745212182, 0.07999612236868166, 5.394169551934385e-7, 0), (-0.07999612236877789, 0.9967951745213438, 1.591860421613192e-7, 0), (-5.249539508527287e-7, -2.0182714647256002e-7, 0.9999999999998418, 0), (10.687432289123535, -0.010026480071246624, -2.9461197925684246e-8, 1) ), ( (0.9920999622242663, 0.12544937296115224, 4.775016471391964e-7, 0), (-0.12544937296119432, 0.9920999622243741, 5.905619579151497e-8, 0), (-4.6632085854465875e-7, -1.1849194810026225e-7, 0.9999999999998842, 0), (12.62673282623291, -0.009094725362956524, -2.5965263716898335e-8, 1) ), ( (0.9949462603448803, 0.1004082661500844, 1.446052290206309e-7, 0), (-0.10040826615007108, 0.9949462603448875, -9.6710735218607e-8, 0), (-1.5358500730629644e-7, 8.170243389927051e-8, 0.9999999999999849, 0), (11.523805618286133, -0.008162283338606358, -2.1963648677569836e-8, 1) ), ( (0.9990970119267882, 0.04248718304661914, 1.1784238868984566e-7, 0), (-0.04248718304661914, 0.9990970119267952, -2.50478825075682e-9, 0), (-1.178423998152439e-7, -2.504264781127481e-9, 0.999999999999993, 0), (10.29552936553955, -0.015002558007836342, -4.155149113671541e-8, 1) )]
    }
    variantSet "LOD" = {
        "LOD0" {
            def Mesh "LOD0" (
                prepend apiSchemas = ["SkelBindingAPI"]
            )
            {
