#usda 1.0
(
    defaultPrim = "Root"
    metersPerUnit = 0.009999999776482582
    subLayers = [
        @MaterialOverrides.usda@
    ]
    upAxis = "Z"
)

def Xform "Root"
{
    def Xform "WaterBodyCustom5"
    {
        token visibility = "inherited"
        matrix4d xformOp:transform = ( (2.8942598739177813e-9, -0.23785899999999996, 0, 0), (0.9684019999999999, 1.1783481181799838e-8, 0, 0), (0, 0, 1, 0), (2653.6490236561244, -3375.609794935123, 3.410605131648481e-13, 1) )
        uniform token[] xformOpOrder = ["xformOp:transform"]

        def Xform "WaterSpline"
        {
            token visibility = "inherited"
            matrix4d xformOp:transform = ( (1, -0, 0, 0), (0, 1, -0, 0), (0, 0, 1, 0), (0, -0, 0, 1) )
            uniform token[] xformOpOrder = ["xformOp:transform"]
        }

        def Xform "CustomMeshComponent" (
            prepend references = @Assets/Water/Meshes/S_WaterPlane_256.usda@
        )
        {
            token visibility = "inherited"
            matrix4d xformOp:transform = ( (1, -0, 0, 0), (0, 1, -0, 0), (0, 0, 1, 0), (0, -0, 0, 1) )
            uniform token[] xformOpOrder = ["xformOp:transform"]
        }
    }

    def Xform "S_Buffelgrass_tmjhcayia_Var1_lod50" (
        prepend references = @Assets/Game/Megascans/3D_Plants/Buffelgrass_tmjhcayia/S_Buffelgrass_tmjhcayia_Var1_lod1.usda@
    )
    {
        token visibility = "inherited"
        matrix4d xformOp:transform = ( (1, -0, 0, 0), (0, 1, -0, 0), (0, 0, 1, 0), (2352.0469420265676, -1415.000000009696, 0, 1) )
        uniform token[] xformOpOrder = ["xformOp:transform"]
    }

    def Xform "S_Wheat_smdoejyr_Var1_lod80" (
        prepend references = @Assets/Game/Megascans/3D_Plants/Wheat_smdoejyr/S_Wheat_smdoejyr_Var1_lod1.usda@
    )
    {
        token visibility = "inherited"
        matrix4d xformOp:transform = ( (1, -0, 0, 0), (0, 0.8660254037844387, -0.49999999999999994, 0), (0, 0.49999999999999994, 0.8660254037844387, 0), (2327.0469420265676, -1450.000000009696, -35, 1) )
        uniform token[] xformOpOrder = ["xformOp:transform"]
    }

    def Mesh "SM_Shelf6" (
        prepend references = @Assets/Game/StarterContent/Props/SM_Shelf.usda@
    )
    {
        token visibility = "inherited"
        matrix4d xformOp:transform = ( (1.7453292366909068e-8, -0.9999999999999999, 0, 0), (0.9999999999999999, 1.7453292366909068e-8, 0, 0), (0, 0, 1, 0), (1725.2796744175348, -1033.405977, 113.030142, 1) )
        uniform token[] xformOpOrder = ["xformOp:transform"]
    }

    def Xform "S_Grass_Clumps_qmBr2_Var1_lod30" (
        prepend references = @Assets/Game/Megascans/3D_Plants/Grass_Clumps_qmBr2/S_Grass_Clumps_qmBr2_Var1_lod1.usda@
    )
    {
        token visibility = "inherited"
        matrix4d xformOp:transform = ( (1.410088, -0, 0, 0), (0, 1.232858, -0, 0), (0, 0, 3.254527, 0), (1664.2320527583947, -2701.6814383211854, -34.54424600000017, 1) )
        uniform token[] xformOpOrder = ["xformOp:transform"]
    }

    def Xform "WaterBodyCustom2"
    {
        token visibility = "inherited"
        matrix4d xformOp:transform = ( (0.237859, -0, 0, 0), (0, 0.968402, -0, 0), (0, 0, 1, 0), (2342.2327969938447, -1702.943951009665, 0, 1) )
        uniform token[] xformOpOrder = ["xformOp:transform"]

        def Xform "WaterSpline"
        {
            token visibility = "inherited"
            matrix4d xformOp:transform = ( (1, -0, 0, 0), (0, 1, -0, 0), (0, 0, 1, 0), (0, -0, 0, 1) )
            uniform token[] xformOpOrder = ["xformOp:transform"]
        }

        def Xform "CustomMeshComponent" (
            prepend references = @Assets/Water/Meshes/S_WaterPlane_256.usda@
        )
        {
            token visibility = "inherited"
            matrix4d xformOp:transform = ( (1, -0, 0, 0), (0, 1, -0, 0), (0, 0, 1, 0), (0, -0, 0, 1) )
            uniform token[] xformOpOrder = ["xformOp:transform"]
        }
    }

    def Mesh "Cylinder13" (
        prepend references = @Assets/Engine/BasicShapes/Cylinder.usda@
    )
    {
        token visibility = "inherited"
        matrix4d xformOp:transform = ( (-0.1, -1.224646794682525e-17, 1.2167963906789763e-9, 0), (-1.2167963906789763e-9, 1.745329236690907e-9, -0.09999999999999999, 0), (-6.967742326146334e-16, -7.749999999999999, -1.3526301584354528e-7, 0), (1712, -3123, 39, 1) )
        uniform token[] xformOpOrder = ["xformOp:transform"]
    }

    def Xform "S_Grass_Clumps_qmBr2_Var1_lod46" (
        prepend references = @Assets/Game/Megascans/3D_Plants/Grass_Clumps_qmBr2/S_Grass_Clumps_qmBr2_Var1_lod1.usda@
    )
    {
        token visibility = "inherited"
        matrix4d xformOp:transform = ( (1.410088, -0, 0, 0), (0, 1.206254294115066, 0.25473403010387885, 0), (-0, -0.6724527713588154, 3.184297923251034, 0), (1673.7146777583948, -2369.5656693211854, -42.34565000000017, 1) )
        uniform token[] xformOpOrder = ["xformOp:transform"]
    }

    def Xform "S_Wheat_smdoejyr_Var1_lod128" (
        prepend references = @Assets/Game/Megascans/3D_Plants/Wheat_smdoejyr/S_Wheat_smdoejyr_Var1_lod1.usda@
    )
    {
        token visibility = "inherited"
        matrix4d xformOp:transform = ( (1.2167965302012362e-8, -1, 8.326672684688674e-17, 0), (0.866025403784439, 1.0537766992335662e-8, -0.4999999999999992, 0), (0.4999999999999991, 6.083982789784059e-9, 0.8660254037844392, 0), (2391.7296039397283, -1921.965423818353, -35, 1) )
        uniform token[] xformOpOrder = ["xformOp:transform"]
    }

    def Mesh "Cylinder40" (
        prepend references = @Assets/Engine/BasicShapes/Cylinder.usda@
    )
    {
        token visibility = "inherited"
        matrix4d xformOp:transform = ( (1.1102230246251566e-17, -0.09999999999999999, 1.7453292519943295e-9, 0), (-0.09999999999999995, 3.33066907387547e-17, 3.490658485628281e-9, 0), (-3.490658485628281e-8, -1.745329251994329e-8, -0.9999999999999993, 0), (2797, -3136.021574, 4.000001, 1) )
        uniform token[] xformOpOrder = ["xformOp:transform"]
    }

    def Mesh "SM_GlassWindow6" (
        prepend references = @Assets/Game/StarterContent/Props/SM_GlassWindow.usda@
    )
    {
        token visibility = "inherited"
        matrix4d xformOp:transform = ( (1, -0, 0, 0), (-0, -6.530418, 0, 0), (0, 0, 1.834963, 0), (3486.326755, -3000.2259646797925, -37.122805, 1) )
        uniform token[] xformOpOrder = ["xformOp:transform"]
    }

    def Xform "S_Grass_Clumps_qmBr2_Var1_lod51" (
        prepend references = @Assets/Game/Megascans/3D_Plants/Grass_Clumps_qmBr2/S_Grass_Clumps_qmBr2_Var1_lod1.usda@
    )
    {
        token visibility = "inherited"
        matrix4d xformOp:transform = ( (1.410088, -0, 0, 0), (0, 1.232858, -0, 0), (0, 0, 3.254527, 0), (1664.232052, -2102.487463175721, -34.544246, 1) )
        uniform token[] xformOpOrder = ["xformOp:transform"]
    }

    def Mesh "Cylinder4" (
        prepend references = @Assets/Engine/BasicShapes/Cylinder.usda@
    )
    {
        token visibility = "inherited"
        matrix4d xformOp:transform = ( (0.1, -0, 0, 0), (0, 1.745329236690907e-9, 0.09999999999999999, 0), (-0, -7.749999999999999, 1.3526301584354528e-7, 0), (3314, -2349, 39, 1) )
        uniform token[] xformOpOrder = ["xformOp:transform"]
    }

    def Mesh "Cylinder2" (
        prepend references = @Assets/Engine/BasicShapes/Cylinder.usda@
    )
    {
        token visibility = "inherited"
        matrix4d xformOp:transform = ( (0.1, -0, 0, 0), (0, 1.745329236690907e-9, 0.09999999999999999, 0), (-0, -7.749999999999999, 1.3526301584354528e-7, 0), (3314, -1578, 39, 1) )
        uniform token[] xformOpOrder = ["xformOp:transform"]
    }

    def Xform "S_Grass_Clumps_qmBr2_Var1_lod100" (
        prepend references = @Assets/Game/Megascans/3D_Plants/Grass_Clumps_qmBr2/S_Grass_Clumps_qmBr2_Var1_lod1.usda@
    )
    {
        token visibility = "inherited"
        matrix4d xformOp:transform = ( (1.410088, -0, 0, 0), (0, 1.232858, -0, 0), (0, 0, 3.254527, 0), (3314.3787884441667, -1492.179084, -34.544246, 1) )
        uniform token[] xformOpOrder = ["xformOp:transform"]
    }

    def Xform "S_Grass_Clumps_qmBr2_Var1_lod103" (
        prepend references = @Assets/Game/Megascans/3D_Plants/Grass_Clumps_qmBr2/S_Grass_Clumps_qmBr2_Var1_lod1.usda@
    )
    {
        token visibility = "inherited"
        matrix4d xformOp:transform = ( (1.410088, -0, 0, 0), (0, 1.232858, -0, 0), (0, 0, 3.254527, 0), (3293.262899444167, -1346.995492, -34.544246, 1) )
        uniform token[] xformOpOrder = ["xformOp:transform"]
    }

    def Xform "S_Grass_Clumps_qmBr2_Var1_lod17" (
        prepend references = @Assets/Game/Megascans/3D_Plants/Grass_Clumps_qmBr2/S_Grass_Clumps_qmBr2_Var1_lod1.usda@
    )
    {
        token visibility = "inherited"
        matrix4d xformOp:transform = ( (1.410088, -0, 0, 0), (0, 1.232858, -0, 0), (0, 0, 3.254527, 0), (1673.7146883733167, -3021.747318, -34.544246012370564, 1) )
        uniform token[] xformOpOrder = ["xformOp:transform"]
    }

    def Xform "S_Wheat_smdoejyr_Var1_lod73" (
        prepend references = @Assets/Game/Megascans/3D_Plants/Wheat_smdoejyr/S_Wheat_smdoejyr_Var1_lod1.usda@
    )
    {
        token visibility = "inherited"
        matrix4d xformOp:transform = ( (1, -0, 0, 0), (0, 0.8660254037844387, -0.49999999999999994, 0), (0, 0.49999999999999994, 0.8660254037844387, 0), (2327.0469420265676, -1335.000000009696, -35, 1) )
        uniform token[] xformOpOrder = ["xformOp:transform"]
    }

    def Xform "S_Grass_Clumps_qmBr2_Var1_lod107" (
        prepend references = @Assets/Game/Megascans/3D_Plants/Grass_Clumps_qmBr2/S_Grass_Clumps_qmBr2_Var1_lod1.usda@
    )
    {
        token visibility = "inherited"
        matrix4d xformOp:transform = ( (1.410088, -0, 0, 0), (0, 1.232858, -0, 0), (0, 0, 3.254527, 0), (3310.7563184441674, -1303.764881, -34.544246, 1) )
        uniform token[] xformOpOrder = ["xformOp:transform"]
    }

    def Xform "S_Grass_Clumps_qmBr2_Var1_lod29" (
        prepend references = @Assets/Game/Megascans/3D_Plants/Grass_Clumps_qmBr2/S_Grass_Clumps_qmBr2_Var1_lod1.usda@
    )
    {
        token visibility = "inherited"
        matrix4d xformOp:transform = ( (1.410088, -0, 0, 0), (0, 1.232858, -0, 0), (0, 0, 3.254527, 0), (1664.2320517583948, -2862.9058723211856, -34.54424600000017, 1) )
        uniform token[] xformOpOrder = ["xformOp:transform"]
    }

    def Mesh "SM_Bush3" (
        prepend references = @Assets/Game/StarterContent/Props/SM_Bush.usda@
    )
    {
        token visibility = "inherited"
        matrix4d xformOp:transform = ( (1, -0, 0, 0), (0, 1, -0, 0), (0, 0, 1, 0), (2871.784637, -554.1046373965738, -37.713193, 1) )
        uniform token[] xformOpOrder = ["xformOp:transform"]
    }

    def Xform "S_Grass_Clumps_qmBr2_Var1_lod166" (
        prepend references = @Assets/Game/Megascans/3D_Plants/Grass_Clumps_qmBr2/S_Grass_Clumps_qmBr2_Var1_lod1.usda@
    )
    {
        token visibility = "inherited"
        matrix4d xformOp:transform = ( (1.410088, -0, 0, 0), (0, 1.232858, -0, 0), (0, 0, 3.254527, 0), (3314.378787, -3083.157772109375, -34.544246, 1) )
        uniform token[] xformOpOrder = ["xformOp:transform"]
    }

    def Xform "S_Wheat_smdoejyr_Var1_lod1" (
        prepend references = @Assets/Game/Megascans/3D_Plants/Wheat_smdoejyr/S_Wheat_smdoejyr_Var1_lod1.usda@
    )
    {
        token visibility = "inherited"
        matrix4d xformOp:transform = ( (1, -0, 0, 0), (0, 1, -0, 0), (0, 0, 1, 0), (2677.273224608386, -1419.9999999949496, -34.99999999999932, 1) )
        uniform token[] xformOpOrder = ["xformOp:transform"]
    }

    def Xform "S_Wheat_smdoejyr_Var1_lod103" (
        prepend references = @Assets/Game/Megascans/3D_Plants/Wheat_smdoejyr/S_Wheat_smdoejyr_Var1_lod1.usda@
    )
    {
        token visibility = "inherited"
        matrix4d xformOp:transform = ( (1.2167965302012362e-8, -1, 8.326672684688674e-17, 0), (0.866025403784439, 1.0537766992335662e-8, -0.4999999999999992, 0), (0.4999999999999991, 6.083982789784059e-9, 0.8660254037844392, 0), (2472.7162128084883, -1931.9654218714786, -35, 1) )
        uniform token[] xformOpOrder = ["xformOp:transform"]
    }

    def Xform "S_Grass_Clumps_qmBr2_Var1_lod67" (
        prepend references = @Assets/Game/Megascans/3D_Plants/Grass_Clumps_qmBr2/S_Grass_Clumps_qmBr2_Var1_lod1.usda@
    )
    {
        token visibility = "inherited"
        matrix4d xformOp:transform = ( (1.410088, -0, 0, 0), (0, 1.206254294115066, 0.25473403010387885, 0), (-0, -0.6724527713588154, 3.184297923251034, 0), (1673.714678, -2257.8420661757214, -42.34565, 1) )
        uniform token[] xformOpOrder = ["xformOp:transform"]
    }

    def Xform "S_Grass_Clumps_qmBr2_Var1_lod179" (
        prepend references = @Assets/Game/Megascans/3D_Plants/Grass_Clumps_qmBr2/S_Grass_Clumps_qmBr2_Var1_lod1.usda@
    )
    {
        token visibility = "inherited"
        matrix4d xformOp:transform = ( (1.410088, -0, 0, 0), (0, 1.206254294115066, 0.25473403010387885, 0), (-0, -0.6724527713588154, 3.184297923251034, 0), (3323.861413, -2751.930240109376, -42.345649, 1) )
        uniform token[] xformOpOrder = ["xformOp:transform"]
    }

    def Xform "S_Wheat_smdoejyr_Var1_lod6" (
        prepend references = @Assets/Game/Megascans/3D_Plants/Wheat_smdoejyr/S_Wheat_smdoejyr_Var1_lod1.usda@
    )
    {
        token visibility = "inherited"
        matrix4d xformOp:transform = ( (1, -0, 0, 0), (0, 0.8660254037844387, -0.49999999999999994, 0), (0, 0.49999999999999994, 0.8660254037844387, 0), (2677.273224608386, -1394.9999999949496, -34.99999999999932, 1) )
        uniform token[] xformOpOrder = ["xformOp:transform"]
    }

    def Xform "S_Grass_Clumps_qmBr2_Var1_lod44" (
        prepend references = @Assets/Game/Megascans/3D_Plants/Grass_Clumps_qmBr2/S_Grass_Clumps_qmBr2_Var1_lod1.usda@
    )
    {
        token visibility = "inherited"
        matrix4d xformOp:transform = ( (1.410088, -0, 0, 0), (0, 1.206254294115066, 0.25473403010387885, 0), (-0, -0.6724527713588154, 3.184297923251034, 0), (1673.7146777583948, -2908.8451613211855, -42.34565000000017, 1) )
        uniform token[] xformOpOrder = ["xformOp:transform"]
    }

    def Xform "S_Grass_Clumps_qmBr2_Var1_lod144" (
        prepend references = @Assets/Game/Megascans/3D_Plants/Grass_Clumps_qmBr2/S_Grass_Clumps_qmBr2_Var1_lod1.usda@
    )
    {
        token visibility = "inherited"
        matrix4d xformOp:transform = ( (1.410088, -0, 0, 0), (0, 1.232858, -0, 0), (0, 0, 3.254527, 0), (3314.378787, -2388.592447958983, -34.544246, 1) )
        uniform token[] xformOpOrder = ["xformOp:transform"]
    }

    def Xform "S_Grass_Clumps_qmBr2_Var1_lod230" (
        prepend references = @Assets/Game/Megascans/3D_Plants/Grass_Clumps_qmBr2/S_Grass_Clumps_qmBr2_Var1_lod1.usda@
    )
    {
        token visibility = "inherited"
        matrix4d xformOp:transform = ( (1.410088, -0, 0, 0), (0, 1.206254294115066, 0.25473403010387885, 0), (-0, -0.6724527713588154, 3.184297923251034, 0), (3323.861413, -3050.890200810139, -42.34565, 1) )
        uniform token[] xformOpOrder = ["xformOp:transform"]
    }

    def Xform "S_Wheat_smdoejyr_Var1_lod118" (
        prepend references = @Assets/Game/Megascans/3D_Plants/Wheat_smdoejyr/S_Wheat_smdoejyr_Var1_lod1.usda@
    )
    {
        token visibility = "inherited"
        matrix4d xformOp:transform = ( (1.2167965302012362e-8, -1, 8.326672684688674e-17, 0), (0.866025403784439, 1.0537766992335662e-8, -0.4999999999999992, 0), (0.4999999999999991, 6.083982789784059e-9, 0.8660254037844392, 0), (2542.7162123217695, -1911.9654201679637, -35, 1) )
        uniform token[] xformOpOrder = ["xformOp:transform"]
    }

    def Xform "S_Grass_Clumps_qmBr2_Var1_lod129" (
        prepend references = @Assets/Game/Megascans/3D_Plants/Grass_Clumps_qmBr2/S_Grass_Clumps_qmBr2_Var1_lod1.usda@
    )
    {
        token visibility = "inherited"
        matrix4d xformOp:transform = ( (1.410088, -0, 0, 0), (0, 1.232858, -0, 0), (0, 0, 3.254527, 0), (3323.519422, -1535.924557472595, -34.544246, 1) )
        uniform token[] xformOpOrder = ["xformOp:transform"]
    }

    def Xform "S_Grass_Clumps_qmBr2_Var1_lod27" (
        prepend references = @Assets/Game/Megascans/3D_Plants/Grass_Clumps_qmBr2/S_Grass_Clumps_qmBr2_Var1_lod1.usda@
    )
    {
        token visibility = "inherited"
        matrix4d xformOp:transform = ( (1.410088, -0, 0, 0), (0, 1.232858, -0, 0), (0, 0, 3.254527, 0), (1664.2320517583948, -2815.4729133211854, -34.54424600000017, 1) )
        uniform token[] xformOpOrder = ["xformOp:transform"]
    }

    def Xform "S_Grass_Clumps_qmBr2_Var1_lod24" (
        prepend references = @Assets/Game/Megascans/3D_Plants/Grass_Clumps_qmBr2/S_Grass_Clumps_qmBr2_Var1_lod1.usda@
    )
    {
        token visibility = "inherited"
        matrix4d xformOp:transform = ( (1.410088, -0, 0, 0), (0, 1.232858, -0, 0), (0, 0, 3.254527, 0), (1664.2320517583948, -2904.367296321185, -34.54424600000017, 1) )
        uniform token[] xformOpOrder = ["xformOp:transform"]
    }

    def Xform "S_Buffelgrass_tmjhcayia_Var1_lod94" (
        prepend references = @Assets/Game/Megascans/3D_Plants/Buffelgrass_tmjhcayia/S_Buffelgrass_tmjhcayia_Var1_lod1.usda@
    )
    {
        token visibility = "inherited"
        matrix4d xformOp:transform = ( (1.2167964857923153e-8, -0.9999999999999999, 0, 0), (0.9999999999999999, 1.2167964857923153e-8, 0, 0), (0, 0, 1, 0), (2447.7162123217704, -1911.965422479877, 0, 1) )
        uniform token[] xformOpOrder = ["xformOp:transform"]
    }

    def Mesh "SM_PillarFrame9" (
        prepend references = @Assets/Game/StarterContent/Props/SM_PillarFrame.usda@
    )
    {
        token visibility = "inherited"
        matrix4d xformOp:transform = ( (-0.9999999999999996, -2.433592850604335e-8, 0, 0), (2.433592850604335e-8, -0.9999999999999996, 0, 0), (0, 0, 1, 0), (1599.9999990265633, -2333.4102038915125, -49.99999987642485, 1) )
        uniform token[] xformOpOrder = ["xformOp:transform"]
    }

    def Mesh "SM_Bush8" (
        prepend references = @Assets/Game/StarterContent/Props/SM_Bush.usda@
    )
    {
        token visibility = "inherited"
        matrix4d xformOp:transform = ( (1, -0, 0, 0), (0, 1, -0, 0), (0, 0, 1, 0), (2199.9788118742936, -668.258127, -37.71319234857811, 1) )
        uniform token[] xformOpOrder = ["xformOp:transform"]
    }

    def Mesh "Cylinder18" (
        prepend references = @Assets/Engine/BasicShapes/Cylinder.usda@
    )
    {
        token visibility = "inherited"
        matrix4d xformOp:transform = ( (0.1, -0, 0, 0), (0, 1.745329236690907e-9, 0.09999999999999999, 0), (-0, -7.999999999999999, 1.3962633893527254e-7, 0), (2490.126882232145, -2935.373245603948, -31.00000025881377, 1) )
        uniform token[] xformOpOrder = ["xformOp:transform"]
    }

    def Xform "S_Grass_Clumps_qmBr2_Var1_lod13" (
        prepend references = @Assets/Game/Megascans/3D_Plants/Grass_Clumps_qmBr2/S_Grass_Clumps_qmBr2_Var1_lod1.usda@
    )
    {
        token visibility = "inherited"
        matrix4d xformOp:transform = ( (1.410088, -0, 0, 0), (0, 1.232858, -0, 0), (0, 0, 3.254527, 0), (1673.3726968059568, -3103.21894, -34.54424600295556, 1) )
        uniform token[] xformOpOrder = ["xformOp:transform"]
    }

    def Xform "S_Buffelgrass_tmjhcayia_Var1_lod104" (
        prepend references = @Assets/Game/Megascans/3D_Plants/Buffelgrass_tmjhcayia/S_Buffelgrass_tmjhcayia_Var1_lod1.usda@
    )
    {
        token visibility = "inherited"
        matrix4d xformOp:transform = ( (1.2167964857923153e-8, -0.9999999999999999, 0, 0), (0.9999999999999999, 1.2167964857923153e-8, 0, 0), (0, 0, 1, 0), (2572.716212808488, -1931.9654194378854, -30, 1) )
        uniform token[] xformOpOrder = ["xformOp:transform"]
    }

    def Xform "S_Wheat_smdoejyr_Var1_lod8" (
        prepend references = @Assets/Game/Megascans/3D_Plants/Wheat_smdoejyr/S_Wheat_smdoejyr_Var1_lod1.usda@
    )
    {
        token visibility = "inherited"
        matrix4d xformOp:transform = ( (1, -0, 0, 0), (0, 0.8660254037844387, -0.49999999999999994, 0), (0, 0.49999999999999994, 0.8660254037844387, 0), (2677.273224608386, -1449.9999999949496, -34.99999999999932, 1) )
        uniform token[] xformOpOrder = ["xformOp:transform"]
    }

    def Xform "S_Grass_Clumps_qmBr2_Var1_lod8" (
        prepend references = @Assets/Game/Megascans/3D_Plants/Grass_Clumps_qmBr2/S_Grass_Clumps_qmBr2_Var1_lod1.usda@
    )
    {
        token visibility = "inherited"
        matrix4d xformOp:transform = ( (1.410088, -0, 0, 0), (0, 1.232858, -0, 0), (0, 0, 3.254527, 0), (1664.2320630730756, -3248.4025320889127, -34.5442460000001, 1) )
        uniform token[] xformOpOrder = ["xformOp:transform"]
    }

    def Xform "S_Wheat_smdoejyr_Var1_lod14" (
        prepend references = @Assets/Game/Megascans/3D_Plants/Wheat_smdoejyr/S_Wheat_smdoejyr_Var1_lod1.usda@
    )
    {
        token visibility = "inherited"
        matrix4d xformOp:transform = ( (1, -0, 0, 0), (0, 0.8660254037844387, -0.49999999999999994, 0), (0, 0.49999999999999994, 0.8660254037844387, 0), (2687.273224608386, -1459.9999999949496, -34.99999999999932, 1) )
        uniform token[] xformOpOrder = ["xformOp:transform"]
    }

    def Mesh "SM_PillarFrame3" (
        prepend references = @Assets/Game/StarterContent/Props/SM_PillarFrame.usda@
    )
    {
        token visibility = "inherited"
        matrix4d xformOp:transform = ( (1, -0, 0, 0), (0, 1, -0, 0), (0, 0, 1, 0), (3480, -1660, -50, 1) )
        uniform token[] xformOpOrder = ["xformOp:transform"]
    }

    def Mesh "Cylinder25" (
        prepend references = @Assets/Engine/BasicShapes/Cylinder.usda@
    )
    {
        token visibility = "inherited"
        matrix4d xformOp:transform = ( (1.1102230246251566e-17, -0.09999999999999999, 1.7453292519943295e-9, 0), (-0.09999999999999995, 3.33066907387547e-17, 3.490658485628281e-9, 0), (-3.490658485628281e-8, -1.745329251994329e-8, -0.9999999999999993, 0), (2197, -2536.021574391874, 4.0000011762016925, 1) )
        uniform token[] xformOpOrder = ["xformOp:transform"]
    }

    def Xform "S_Grass_Clumps_qmBr2_Var1_lod168" (
        prepend references = @Assets/Game/Megascans/3D_Plants/Grass_Clumps_qmBr2/S_Grass_Clumps_qmBr2_Var1_lod1.usda@
    )
    {
        token visibility = "inherited"
        matrix4d xformOp:transform = ( (1.410088, -0, 0, 0), (0, 1.232858, -0, 0), (0, 0, 3.254527, 0), (3314.378788, -3031.348652109375, -34.544246, 1) )
        uniform token[] xformOpOrder = ["xformOp:transform"]
    }

    def DistantLight "DirectionalLight"
    {
        float inputs:angle = 0.5357
        color3f inputs:color = (1, 1, 1)
        float inputs:colorTemperature = 6500
        bool inputs:enableColorTemperature = 0
        float inputs:exposure = 0
        float inputs:intensity = 10
        token visibility = "inherited"
        matrix4d xformOp:transform = ( (1.0502426179288482, 0.9287109829739543, 2.0699000829966425, 0), (-0.9075516014157601, 2.2624627755283173, -0.5546280556520662, 0), (-2.0792644214369767, -0.5184188455797625, 1.2875951872751386, 0), (0, -0, 0, 1) )
        uniform token[] xformOpOrder = ["xformOp:transform"]
    }

    def Xform "S_Buffelgrass_tmjhcayia_Var1_lod65" (
        prepend references = @Assets/Game/Megascans/3D_Plants/Buffelgrass_tmjhcayia/S_Buffelgrass_tmjhcayia_Var1_lod1.usda@
    )
    {
        token visibility = "inherited"
        matrix4d xformOp:transform = ( (1, -0, 0, 0), (0, 1, -0, 0), (0, 0, 1, 0), (2367.0469420265676, -1295.000000009696, -30, 1) )
        uniform token[] xformOpOrder = ["xformOp:transform"]
    }

    def Xform "S_Buffelgrass_tmjhcayia_Var1_lod83" (
        prepend references = @Assets/Game/Megascans/3D_Plants/Buffelgrass_tmjhcayia/S_Buffelgrass_tmjhcayia_Var1_lod1.usda@
    )
    {
        token visibility = "inherited"
        matrix4d xformOp:transform = ( (1.2167964857923153e-8, -0.9999999999999999, 0, 0), (0.9999999999999999, 1.2167964857923153e-8, 0, 0), (0, 0, 1, 0), (2527.7162129301682, -1936.9654205330025, 0, 1) )
        uniform token[] xformOpOrder = ["xformOp:transform"]
    }

    def Xform "S_Grass_Clumps_qmBr2_Var1_lod193" (
        prepend references = @Assets/Game/Megascans/3D_Plants/Grass_Clumps_qmBr2/S_Grass_Clumps_qmBr2_Var1_lod1.usda@
    )
    {
        token visibility = "inherited"
        matrix4d xformOp:transform = ( (1.410088, -0, 0, 0), (0, 1.232858, -0, 0), (0, 0, 3.254527, 0), (3314.378791, -2741.3823240739553, -34.544246, 1) )
        uniform token[] xformOpOrder = ["xformOp:transform"]
    }

    def Xform "S_Grass_Clumps_qmBr2_Var1_lod201" (
        prepend references = @Assets/Game/Megascans/3D_Plants/Grass_Clumps_qmBr2/S_Grass_Clumps_qmBr2_Var1_lod1.usda@
    )
    {
        token visibility = "inherited"
        matrix4d xformOp:transform = ( (1.410088, -0, 0, 0), (0, 1.232858, -0, 0), (0, 0, 3.254527, 0), (3323.861413, -2615.9637440739552, -34.544246, 1) )
        uniform token[] xformOpOrder = ["xformOp:transform"]
    }

    def Xform "S_Buffelgrass_tmjhcayia_Var1_lod93" (
        prepend references = @Assets/Game/Megascans/3D_Plants/Buffelgrass_tmjhcayia/S_Buffelgrass_tmjhcayia_Var1_lod1.usda@
    )
    {
        token visibility = "inherited"
        matrix4d xformOp:transform = ( (1.2167964857923153e-8, -0.9999999999999999, 0, 0), (0.9999999999999999, 1.2167964857923153e-8, 0, 0), (0, 0, 1, 0), (2437.71621232177, -1911.9654227232359, 0, 1) )
        uniform token[] xformOpOrder = ["xformOp:transform"]
    }

    def Mesh "Cylinder38" (
        prepend references = @Assets/Engine/BasicShapes/Cylinder.usda@
    )
    {
        token visibility = "inherited"
        matrix4d xformOp:transform = ( (1.1102230246251566e-17, -0.09999999999999999, 1.7453292519943295e-9, 0), (-0.09999999999999995, 3.33066907387547e-17, 3.490658485628281e-9, 0), (-3.490658485628281e-8, -1.745329251994329e-8, -0.9999999999999993, 0), (2197, -2936.021574, 4.000001, 1) )
        uniform token[] xformOpOrder = ["xformOp:transform"]
    }

    def Xform "S_Wheat_smdoejyr_Var1_lod85" (
        prepend references = @Assets/Game/Megascans/3D_Plants/Wheat_smdoejyr/S_Wheat_smdoejyr_Var1_lod1.usda@
    )
    {
        token visibility = "inherited"
        matrix4d xformOp:transform = ( (1, -0, 0, 0), (0, 0.8660254037844387, -0.49999999999999994, 0), (0, 0.49999999999999994, 0.8660254037844387, 0), (2337.0469420265676, -1515.000000009696, -35, 1) )
        uniform token[] xformOpOrder = ["xformOp:transform"]
    }

    def Xform "S_Wheat_smdoejyr_Var1_lod60" (
        prepend references = @Assets/Game/Megascans/3D_Plants/Wheat_smdoejyr/S_Wheat_smdoejyr_Var1_lod1.usda@
    )
    {
        token visibility = "inherited"
        matrix4d xformOp:transform = ( (1, -0, 0, 0), (0, 0.8660254037844387, -0.49999999999999994, 0), (0, 0.49999999999999994, 0.8660254037844387, 0), (2347.0469420265676, -1435.000000009696, -35, 1) )
        uniform token[] xformOpOrder = ["xformOp:transform"]
    }

    def Xform "S_Wheat_smdoejyr_Var1_lod38" (
        prepend references = @Assets/Game/Megascans/3D_Plants/Wheat_smdoejyr/S_Wheat_smdoejyr_Var1_lod1.usda@
    )
    {
        token visibility = "inherited"
        matrix4d xformOp:transform = ( (1, -0, 0, 0), (0, 0.8660254037844387, -0.49999999999999994, 0), (0, 0.49999999999999994, 0.8660254037844387, 0), (2667.273224608386, -1479.9999999949496, -34.99999999999932, 1) )
        uniform token[] xformOpOrder = ["xformOp:transform"]
    }

    def Xform "S_Wheat_smdoejyr_Var1_lod26" (
        prepend references = @Assets/Game/Megascans/3D_Plants/Wheat_smdoejyr/S_Wheat_smdoejyr_Var1_lod1.usda@
    )
    {
        token visibility = "inherited"
        matrix4d xformOp:transform = ( (1, -0, 0, 0), (0, 0.8660254037844387, -0.49999999999999994, 0), (0, 0.49999999999999994, 0.8660254037844387, 0), (2687.273224608386, -1309.9999999949496, -34.99999999999932, 1) )
        uniform token[] xformOpOrder = ["xformOp:transform"]
    }

    def Xform "S_Wheat_smdoejyr_Var1_lod79" (
        prepend references = @Assets/Game/Megascans/3D_Plants/Wheat_smdoejyr/S_Wheat_smdoejyr_Var1_lod1.usda@
    )
    {
        token visibility = "inherited"
        matrix4d xformOp:transform = ( (1, -0, 0, 0), (0, 0.8660254037844387, -0.49999999999999994, 0), (0, 0.49999999999999994, 0.8660254037844387, 0), (2327.0469420265676, -1460.000000009696, -35, 1) )
        uniform token[] xformOpOrder = ["xformOp:transform"]
    }

    def Xform "WaterBodyCustom"
    {
        token visibility = "inherited"
        matrix4d xformOp:transform = ( (0.23785875737667084, -0, 0, 0), (0, 0.9684022068977356, -0, 0), (0, 0, 1, 0), (2684.7597252997607, -1702.943946910829, -4.547473508864641e-13, 1) )
        uniform token[] xformOpOrder = ["xformOp:transform"]

        def Xform "WaterSpline"
        {
            token visibility = "inherited"
            matrix4d xformOp:transform = ( (1, -0, 0, 0), (0, 1, -0, 0), (0, 0, 1, 0), (0, -0, 0, 1) )
            uniform token[] xformOpOrder = ["xformOp:transform"]
        }

        def Xform "CustomMeshComponent" (
            prepend references = @Assets/Water/Meshes/S_WaterPlane_256.usda@
        )
        {
            token visibility = "inherited"
            matrix4d xformOp:transform = ( (1, -0, 0, 0), (0, 1, -0, 0), (0, 0, 1, 0), (0, -0, 0, 1) )
            uniform token[] xformOpOrder = ["xformOp:transform"]
        }
    }

    def Mesh "Cylinder16" (
        prepend references = @Assets/Engine/BasicShapes/Cylinder.usda@
    )
    {
        token visibility = "inherited"
        matrix4d xformOp:transform = ( (-0.1, -1.224646786410719e-17, 1.7453292519943295e-9, 0), (-1.7453292519943295e-9, 1.7453292255886767e-9, -0.09999999999999998, 0), (-1.4572219034593626e-15, -8, -1.3962633893527254e-7, 0), (2199.0000000555488, -2935.24525643426, -31.00002899999977, 1) )
        uniform token[] xformOpOrder = ["xformOp:transform"]
    }

    def Xform "S_Grass_Clumps_qmBr2_Var1_lod101" (
        prepend references = @Assets/Game/Megascans/3D_Plants/Grass_Clumps_qmBr2/S_Grass_Clumps_qmBr2_Var1_lod1.usda@
    )
    {
        token visibility = "inherited"
        matrix4d xformOp:transform = ( (1.410088, -0, 0, 0), (0, 1.232858, -0, 0), (0, 0, 3.254527, 0), (3314.378791444167, -1390.94245, -34.544246, 1) )
        uniform token[] xformOpOrder = ["xformOp:transform"]
    }

    def SkelRoot "SK_Cow11" (
        prepend references = @Assets/Game/Assets/FarmAnimalsPack/Cow/Meshes/SK_Cow.usda@
    )
    {
        token visibility = "inherited"
        matrix4d xformOp:transform = ( (1.216796297054401e-8, 1, 0, 0), (-1, 1.216796297054401e-8, 0, 0), (0, 0, 1, 0), (1942, -2827, -35, 1) )
        uniform token[] xformOpOrder = ["xformOp:transform"]
    }

    def Xform "S_Buffelgrass_tmjhcayia_Var1_lod55" (
        prepend references = @Assets/Game/Megascans/3D_Plants/Buffelgrass_tmjhcayia/S_Buffelgrass_tmjhcayia_Var1_lod1.usda@
    )
    {
        token visibility = "inherited"
        matrix4d xformOp:transform = ( (1, -0, 0, 0), (0, 1, -0, 0), (0, 0, 1, 0), (2337.0469420265676, -1470.000000009696, 0, 1) )
        uniform token[] xformOpOrder = ["xformOp:transform"]
    }

    def Xform "S_Grass_Clumps_qmBr2_Var1_lod84" (
        prepend references = @Assets/Game/Megascans/3D_Plants/Grass_Clumps_qmBr2/S_Grass_Clumps_qmBr2_Var1_lod1.usda@
    )
    {
        token visibility = "inherited"
        matrix4d xformOp:transform = ( (1.410088, -0, 0, 0), (0, 1.232858, -0, 0), (0, 0, 3.254527, 0), (1660.609583, -1303.7648812738084, -34.544246, 1) )
        uniform token[] xformOpOrder = ["xformOp:transform"]
    }

    def Mesh "SM_Shelf7" (
        prepend references = @Assets/Game/StarterContent/Props/SM_Shelf.usda@
    )
    {
        token visibility = "inherited"
        matrix4d xformOp:transform = ( (2.9621257002787615e-8, 0.9999999999999996, 0, 0), (0.9999999999999996, -2.9621257002787615e-8, 0, 0), (0, -0, 1, 0), (2142.5993884276086, -3638.0228470917605, 113.0301419624114, 1) )
        uniform token[] xformOpOrder = ["xformOp:transform"]
    }

    def Xform "S_Wheat_smdoejyr_Var1_lod25" (
        prepend references = @Assets/Game/Megascans/3D_Plants/Wheat_smdoejyr/S_Wheat_smdoejyr_Var1_lod1.usda@
    )
    {
        token visibility = "inherited"
        matrix4d xformOp:transform = ( (1, -0, 0, 0), (0, 0.8660254037844387, -0.49999999999999994, 0), (0, 0.49999999999999994, 0.8660254037844387, 0), (2687.273224608386, -1304.9999999949496, -34.99999999999932, 1) )
        uniform token[] xformOpOrder = ["xformOp:transform"]
    }

    def Mesh "Cylinder15" (
        prepend references = @Assets/Engine/BasicShapes/Cylinder.usda@
    )
    {
        token visibility = "inherited"
        matrix4d xformOp:transform = ( (0.1, -0, 0, 0), (0, 1.745329236690907e-9, 0.09999999999999999, 0), (-0, -7.999999999999999, 1.3962633893527254e-7, 0), (2802.000000083737, -2934.695263256634, -30.999999999997385, 1) )
        uniform token[] xformOpOrder = ["xformOp:transform"]
    }

    def Xform "S_Wheat_smdoejyr_Var1_lod122" (
        prepend references = @Assets/Game/Megascans/3D_Plants/Wheat_smdoejyr/S_Wheat_smdoejyr_Var1_lod1.usda@
    )
    {
        token visibility = "inherited"
        matrix4d xformOp:transform = ( (1.2167965302012362e-8, -1, 8.326672684688674e-17, 0), (0.866025403784439, 1.0537766992335662e-8, -0.4999999999999992, 0), (0.4999999999999991, 6.083982789784059e-9, 0.8660254037844392, 0), (2447.7162123217704, -1911.965422479877, -35, 1) )
        uniform token[] xformOpOrder = ["xformOp:transform"]
    }

    def Xform "S_Buffelgrass_tmjhcayia_Var1_lod9" (
        prepend references = @Assets/Game/Megascans/3D_Plants/Buffelgrass_tmjhcayia/S_Buffelgrass_tmjhcayia_Var1_lod1.usda@
    )
    {
        token visibility = "inherited"
        matrix4d xformOp:transform = ( (1, -0, 0, 0), (0, 1, -0, 0), (0, 0, 1, 0), (2687.273224608386, -1419.9999999949496, 6.821210263296962e-13, 1) )
        uniform token[] xformOpOrder = ["xformOp:transform"]
    }

    def SkelRoot "SK_Cow5" (
        prepend references = @Assets/Game/Assets/FarmAnimalsPack/Cow/Meshes/SK_Cow.usda@
    )
    {
        token visibility = "inherited"
        matrix4d xformOp:transform = ( (1, -0, 0, 0), (0, 1, -0, 0), (0, 0, 1, 0), (3107, -3317, -35, 1) )
        uniform token[] xformOpOrder = ["xformOp:transform"]
    }

    def Mesh "SM_DoorFrame2" (
        prepend references = @Assets/Game/StarterContent/Props/SM_DoorFrame.usda@
    )
    {
        token visibility = "inherited"
        matrix4d xformOp:transform = ( (2.9621256558698406e-8, -0.9999999999999996, 0, 0), (-5.679789999999997, -1.682425167895296e-7, 0, 0), (0, 0, 1.332465, 0), (2538.783501427609, -3653.2519800917603, -38.567142037588596, 1) )
        uniform token[] xformOpOrder = ["xformOp:transform"]
    }

    def Xform "S_Grass_Clumps_qmBr2_Var1_lod127" (
        prepend references = @Assets/Game/Megascans/3D_Plants/Grass_Clumps_qmBr2/S_Grass_Clumps_qmBr2_Var1_lod1.usda@
    )
    {
        token visibility = "inherited"
        matrix4d xformOp:transform = ( (1.410088, -0, 0, 0), (0, 1.232858, -0, 0), (0, 0, 3.254527, 0), (3309.95556, -1579.155168472595, -34.544246, 1) )
        uniform token[] xformOpOrder = ["xformOp:transform"]
    }

    def Xform "S_Buffelgrass_tmjhcayia_Var1_lod80" (
        prepend references = @Assets/Game/Megascans/3D_Plants/Buffelgrass_tmjhcayia/S_Buffelgrass_tmjhcayia_Var1_lod1.usda@
    )
    {
        token visibility = "inherited"
        matrix4d xformOp:transform = ( (1.2167964857923153e-8, -0.9999999999999999, 0, 0), (0.9999999999999999, 1.2167964857923153e-8, 0, 0), (0, 0, 1, 0), (2462.7162128084888, -1931.9654221148376, 0, 1) )
        uniform token[] xformOpOrder = ["xformOp:transform"]
    }

    def Xform "S_Wheat_smdoejyr_Var1_lod29" (
        prepend references = @Assets/Game/Megascans/3D_Plants/Wheat_smdoejyr/S_Wheat_smdoejyr_Var1_lod1.usda@
    )
    {
        token visibility = "inherited"
        matrix4d xformOp:transform = ( (1, -0, 0, 0), (0, 0.8660254037844387, -0.49999999999999994, 0), (0, 0.49999999999999994, 0.8660254037844387, 0), (2667.273224608386, -1314.9999999949496, -34.99999999999932, 1) )
        uniform token[] xformOpOrder = ["xformOp:transform"]
    }

    def Xform "S_Grass_Clumps_qmBr2_Var1_lod9" (
        prepend references = @Assets/Game/Megascans/3D_Plants/Grass_Clumps_qmBr2/S_Grass_Clumps_qmBr2_Var1_lod1.usda@
    )
    {
        token visibility = "inherited"
        matrix4d xformOp:transform = ( (1.410088, -0, 0, 0), (0, 1.232858, -0, 0), (0, 0, 3.254527, 0), (1664.2320659927864, -3147.1658978728465, -34.54424599999999, 1) )
        uniform token[] xformOpOrder = ["xformOp:transform"]
    }

    def Xform "S_Buffelgrass_tmjhcayia_Var1_lod6" (
        prepend references = @Assets/Game/Megascans/3D_Plants/Buffelgrass_tmjhcayia/S_Buffelgrass_tmjhcayia_Var1_lod1.usda@
    )
    {
        token visibility = "inherited"
        matrix4d xformOp:transform = ( (1, -0, 0, 0), (0, 1, -0, 0), (0, 0, 1, 0), (2672.273224608386, -1474.9999999949496, 6.821210263296962e-13, 1) )
        uniform token[] xformOpOrder = ["xformOp:transform"]
    }

    def Xform "S_Wheat_smdoejyr_Var1_lod27" (
        prepend references = @Assets/Game/Megascans/3D_Plants/Wheat_smdoejyr/S_Wheat_smdoejyr_Var1_lod1.usda@
    )
    {
        token visibility = "inherited"
        matrix4d xformOp:transform = ( (1, -0, 0, 0), (0, 0.8660254037844387, -0.49999999999999994, 0), (0, 0.49999999999999994, 0.8660254037844387, 0), (2687.273224608386, -1294.9999999949496, -34.99999999999932, 1) )
        uniform token[] xformOpOrder = ["xformOp:transform"]
    }

    def Xform "S_Grass_Clumps_qmBr2_Var1_lod215" (
        prepend references = @Assets/Game/Megascans/3D_Plants/Grass_Clumps_qmBr2/S_Grass_Clumps_qmBr2_Var1_lod1.usda@
    )
    {
        token visibility = "inherited"
        matrix4d xformOp:transform = ( (1.410088, -0, 0, 0), (0, 1.232858, -0, 0), (0, 0, 3.254527, 0), (3314.378788, -3350.373314810139, -34.544246, 1) )
        uniform token[] xformOpOrder = ["xformOp:transform"]
    }

    def Xform "S_Wheat_smdoejyr_Var1_lod67" (
        prepend references = @Assets/Game/Megascans/3D_Plants/Wheat_smdoejyr/S_Wheat_smdoejyr_Var1_lod1.usda@
    )
    {
        token visibility = "inherited"
        matrix4d xformOp:transform = ( (1, -0, 0, 0), (0, 0.8660254037844387, -0.49999999999999994, 0), (0, 0.49999999999999994, 0.8660254037844387, 0), (2347.0469420265676, -1335.000000009696, -35, 1) )
        uniform token[] xformOpOrder = ["xformOp:transform"]
    }

    def DomeLight "SkyLight"
    {
        color3f inputs:color = (1, 1, 1)
        float inputs:exposure = 0
        float inputs:intensity = 1
        asset inputs:texture:file
        token visibility = "inherited"
        matrix4d xformOp:transform = ( (0, -1, 2.220446049250313e-16, 0), (2.220446049250313e-16, 2.220446049250313e-16, 1, 0), (-1, 0, 2.220446049250313e-16, 0), (0, -0, 0, 1) )
        uniform token[] xformOpOrder = ["xformOp:transform"]
    }

    def Xform "S_Grass_Clumps_qmBr2_Var1_lod155" (
        prepend references = @Assets/Game/Megascans/3D_Plants/Grass_Clumps_qmBr2/S_Grass_Clumps_qmBr2_Var1_lod1.usda@
    )
    {
        token visibility = "inherited"
        matrix4d xformOp:transform = ( (1.410088, -0, 0, 0), (0, 1.232858, -0, 0), (0, 0, 3.254527, 0), (3323.861413, -1968.0801449589828, -34.544246, 1) )
        uniform token[] xformOpOrder = ["xformOp:transform"]
    }

    def Xform "S_Grass_Clumps_qmBr2_Var1_lod63" (
        prepend references = @Assets/Game/Megascans/3D_Plants/Grass_Clumps_qmBr2/S_Grass_Clumps_qmBr2_Var1_lod1.usda@
    )
    {
        token visibility = "inherited"
        matrix4d xformOp:transform = ( (1.410088, -0, 0, 0), (0, 1.232858, -0, 0), (0, 0, 3.254527, 0), (1673.714678, -1791.3904741757217, -34.544246, 1) )
        uniform token[] xformOpOrder = ["xformOp:transform"]
    }

    def Xform "S_Grass_Clumps_qmBr2_Var1_lod53" (
        prepend references = @Assets/Game/Megascans/3D_Plants/Grass_Clumps_qmBr2/S_Grass_Clumps_qmBr2_Var1_lod1.usda@
    )
    {
        token visibility = "inherited"
