#usda 1.0
(
    defaultPrim = "Cow_Y"
    metersPerUnit = 0.009999999776482582
    upAxis = "Z"
)

def SkelRoot "Cow_Y" (
    prepend apiSchemas = ["SkelBindingAPI"]
    variants = {
        string LOD = "LOD0"
    }
    prepend variantSets = "LOD"
)
{
    rel skel:skeleton = </Cow_Y/Skel>

    def Skeleton "Skel"
    {
        uniform matrix4d[] bindTransforms = [( (1, -2.1472077554414007e-23, 2.117582368135751e-22, 0), (2.1472077554413995e-23, 1, 6.123234262925839e-17, 0), (-2.117582368135751e-22, -6.123234262925839e-17, 1, 0), (-0.0000030566689019906335, -4.100636388608414e-13, -8.952086569877276e-20, 1) ), ( (2.0281592016946348e-7, 2.6181700387613248e-15, 0.9999999657714568, 0), (1.5099579419173068e-7, -0.9999999315429307, -2.2837817851223517e-14, 0), (0.9999999657714455, 1.5099579419173237e-7, -1.3435886225821037e-7, 0), (-0.000004741677457786881, 43.440906524657784, 83.08342742919922, 1) ), ( (0.08240177894118983, -0.3168774038100912, -0.944880184711723, 0), (0.1903787520951086, -0.9256396299475491, 0.327027534440786, 0), (-0.9782462794496039, -0.20683275486800126, -0.0159475335469359, 0), (11.167923814346295, 52.08430971887573, 81.31027077697914, 1) ), ( (-0.1018785334083949, 0.5089989804343262, -0.8547177766351061, 0), (0.18092969866499561, -0.835376655440349, -0.5190471088907929, 0), (-0.978204986885637, -0.2075234665738256, -0.00698587377944726, 0), (13.265303403282172, 44.01881197347748, 57.26014182507228, 1) ), ( (0.03301969725834118, -0.08478587120976193, -0.995853731699507, 0), (0.2022025487724451, -0.9752227964376913, 0.08973382881728907, 0), (-0.9787867667506047, -0.204326976696238, -0.015057414137429337, 0), (10.653245822600123, 57.068846794154815, 35.34481206596338, 1) ), ( (0.06413538864942613, -0.7252800296780509, -0.6854627214278647, 0), (0.05958488311253488, -0.6828661861699612, 0.728107837086108, 0), (-0.9961606795169782, -0.0875405476038752, -0.0005799866893789751, 0), (11.569883782826668, 54.71517100485906, 7.69958488643357, 1) ), ( (1.228806234543356e-7, -0.9975909935427267, -0.06936974309198718, 0), (-7.584942951499585e-9, 0.06936976726487565, -0.9975909935427316, 0), (0.9999999758271062, 9.899611480568282e-8, 2.345354832566926e-8, 0), (-0.0000055364216935416436, 34.85446225772412, 78.51456467054564, 1) ), ( (7.1931345768661e-8, -0.9998904665315709, -0.014797548762029045, 0), (-2.000488619202656e-8, 0.014797592506985424, -0.9998904665315711, 0), (0.9999999562550423, 2.8479325897556862e-8, 2.4159350520136513e-8, 0), (-0.0000041053890358355885, 23.23679491106576, 77.70671157745618, 1) ), ( (9.475758733223927e-9, -0.9991650200177318, -0.04085627144294812, 0), (-4.9287118109031525e-8, 0.040856285371321355, -0.9991650200177304, 0), (0.9999999860716258, -2.4352086458456768e-9, -3.549950911008182e-8, 0), (-0.000003162109215359993, 10.12459516336003, 77.51266953760826, 1) ), ( (7.813039748505446e-8, -0.9999999218696152, -3.240905854795528e-8, 0), (-4.9378133804012236e-8, 1.1053944282135575e-7, -0.9999999218696141, 0), (0.9999999218696145, 1.482147737874584e-14, 2.875225046938823e-8, 0), (-0.0000032716902138574425, -2.534838121660954, 76.99499716074654, 1) ), ( (0.9157296328290087, -0.006494805697078915, -0.40174250987162974, 0), (-0.401685325026959, 0.008562842611824384, -0.9157376406806834, 0), (0.009387566084222282, 0.9999421705280738, 0.005232386740078088, 0), (-0.5988287957139979, -23.41890726326531, 71.77683433777179, 1) ), ( (-0.018930515076238354, 0.601418935946103, -0.7987105609702927, 0), (-0.06166933765443226, -0.7980333382619653, -0.59944743118866, 0), (-0.9979169680592217, 0.03790803704962481, 0.052196518529686764, 0), (10.40936502719278, -23.49696753820382, 66.94739655792525, 1) ), ( (-0.05192273983230829, -0.12869320167738799, -0.9903250756452708, 0), (-0.014285418835895423, -0.9914634840019299, 0.1295901393501472, 0), (-0.998548806918305, 0.020875902047805504, 0.049641306794047435, 0), (10.039600142060582, -11.74960079052871, 51.34638464960523, 1) ), ( (-0.03296562989163408, 0.03876019243328662, -0.9987074511868709, 0), (-0.014708580296506872, -0.9991560112936845, -0.038292099579787416, 0), (-0.9993481016965126, 0.013427229114253895, 0.033508184823373366, 0), (8.805037820935322, -14.808461649724808, 27.810141422615217, 1) ), ( (0.10950577997820647, -0.7612637818753286, -0.6391427859932642, 0), (0.09515825264035079, -0.6320157944192877, 0.7690789017521162, 0), (-0.9894205998225888, -0.14503819251827754, 0.003231422381354543, 0), (8.122727528930973, -14.006218774770945, 7.139296605996989, 1) ), ( (1.4768383027607968e-7, -0.9990225834065132, 0.04419963871822985, 0), (-3.471135982535678e-7, -0.0441995038277454, -0.9990225834064528, 0), (0.9999998651094534, -2.5614564358455993e-9, -2.124493454491727e-7, 0), (-0.0000031042900205946636, -14.408381426457083, 72.82895095885279, 1) ), ( (2.278691471069294e-7, -0.8890061647455767, 0.45789489630517416, 0), (-8.732275125211686e-9, -0.4578947448141504, -0.8890061647455789, 0), (0.9999998485089714, 6.390216622520484e-8, 1.0875482092664868e-7, 0), (-0.000001522617405491661, -25.10780634741517, 73.30230908415344, 1) ), ( (2.9366710629918913e-7, -0.792373284997963, 0.6100362248065788, 0), (-1.3358423855969193e-7, -0.6100360339839375, -0.7923732849979517, 0), (0.9999998091773358, -2.4924506902834764e-14, 2.2235192020936267e-8, 0), (9.017920303833024e-7, -34.56636668888568, 78.17407972860678, 1) ), ( (4.676770616329762e-7, -0.8231608933542626, 0.5678077629008116, 0), (3.421481653553826e-9, -0.5678075188799263, -0.8231608933542836, 0), (0.9999997559790761, 1.8604779600250865e-7, 1.1984359293837343e-7, 0), (-0.0000036602176640698927, -42.84278167104277, 84.54597143789874, 1) ), ( (4.878511203898483e-7, -0.7771457237704054, 0.6293203488313183, 0), (-2.06703570371225e-8, -0.6293201375452622, -0.7771457237704313, 0), (0.9999997887138771, 2.0192310140609848e-7, 2.117415975888548e-8, 0), (0.000007510911696151351, -51.157775023334494, 90.28157603404547, 1) ), ( (0.9640320879192091, 0.18426007240490228, 0.19154723812619256, 0), (0.2469226733348241, -0.8875553681261785, -0.3889394401009208, 0), (0.09834282947737416, 0.4222474634502547, -0.9011298397553702, 0), (9.062679169978617, -57.52880067074457, 94.8850167949831, 1) ), ( (-0.9640316034422185, 0.18425973378313634, 0.19154750313607155, 0), (-0.24692244677639577, -0.8875554658899045, -0.38893915460680756, 0), (0.09834328004217475, -0.4222472157569163, 0.9011303119525703, 0), (-9.062656508445313, -57.52880433066934, 94.88501641119426, 1) ), ( (0.7125915681987853, -0.6982786956736585, -0.06797049335465766, 0), (-0.05347210049910456, 0.042544631580825665, -0.9976623920998833, 0), (0.6995383186550934, 0.7145602684942269, -0.0070214281818907764, 0), (7.1257419462497, -67.32187989180403, 90.2356433721043, 1) ), ( (-0.7125908313197016, -0.6982790662753813, -0.0679701016801042, 0), (0.05347179046550171, 0.04254437289468915, -0.9976624391792928, 0), (0.6995386742312648, -0.7145599488680738, 0.007021853422106705, 0), (-7.1257151179893325, -67.3218910993202, 90.23564490709917, 1) ), ( (0.5621909378167678, -0.5861185765532816, 0.5834433842820071, 0), (0.3981804990487285, -0.4264963621466722, -0.8121284095074501, 0), (0.72484029870075, 0.6888869846142762, -0.006391225163010272, 0), (7.04301971737103, -67.23563783747339, 90.14978424104899, 1) ), ( (-0.5621901259353876, -0.586118803742397, 0.5834435366098847, 0), (-0.39818054002503, -0.42649652815927386, -0.8121283000033541, 0), (0.7248405825129025, -0.6888866859074458, 0.00639145000739183, 0), (-7.042992054061867, -67.23565734139946, 90.1497876163046, 1) ), ( (-1.5232615102611646e-7, -0.737277335472251, -0.6755899377744772, 0), (-2.218541567122756e-7, 0.6755901210629218, -0.7372773354722242, 0), (0.9999998167115507, -9.755856050785994e-8, -2.070175368906746e-7, 0), (0.000006774620893601463, -58.322211594983365, 89.4248935875297, 1) ), ( (2.0896354369082104e-7, -0.7952897336012674, -0.6062291913747514, 0), (-8.080526353593243e-8, 0.6062293949515398, -0.7952897336012652, 0), (0.999999796423206, 5.327054980464041e-8, 1.4257878866441587e-7, 0), (0.000008519346647695142, -68.52939843396976, 80.0264610289908, 1) ), ( (1.0074528489223411e-7, -0.9150344011765549, -0.4033753585614138, 0), (-1.333514051404805e-7, 0.4033755409458921, -0.9150344011765454, 0), (0.9999998176155173, -2.0911996301276048e-8, 2.7432083271605734e-8, 0), (0.000009298247909406126, -71.4938201096355, 77.76671920538627, 1) ), ( (1.4695336369996426e-7, -0.8987939111941781, -0.4383709497841044, 0), (-8.003574653026035e-8, 0.438371157576955, -0.8987939111941747, 0), (0.9999997922071482, -1.9596814782030236e-8, 1.0918692261441265e-7, 0), (0.000009586292601948526, -74.11003472833646, 76.61331947325544, 1) ), ( (-0.9157295203759857, -0.0064948056971059764, -0.4017424194375874, 0), (0.401685234592118, 0.008562842611836485, -0.9157376803496253, 0), (0.009387565567528289, -0.9999421705280733, -0.005232235539547325, 0), (0.5988250003685325, -23.418907263264447, 71.77682674281309, 1) ), ( (0.018927814204563253, 0.6013869357388567, -0.7987323459296957, 0), (0.06166656217141196, -0.7980582174380996, -0.5994180784182317, 0), (-0.9979172686678582, -0.037909440013200735, -0.05219087376808762, 0), (-10.409363708903626, -23.49699612200254, 66.94739143292261, 1) ), ( (0.05192742343426451, -0.12863054170546384, -0.9903319764363302, 0), (0.014289776276891741, -0.9914735470423593, 0.1295281025293972, 0), (-0.9985485273059642, -0.02087765381918858, -0.049646337582901046, 0), (-10.039649486015467, -11.750253582061323, 51.34594991372363, 1) ), ( (0.03328407544963516, 0.038863473268064254, -0.9986908108242253, 0), (0.014712812685795116, -0.9991541465129441, -0.03839116641418958, 0), (-0.9993375066210509, -0.013415731942938809, -0.03382743167499669, 0), (-8.804974351775499, -14.807623575434231, 27.809540598760275, 1) ), ( (-0.10998943659402317, -0.7612226432810473, -0.6390929306154943, 0), (-0.09515262655655338, -0.6319783266807347, 0.769124670559964, 0), (-0.9893674430980667, 0.14540699216173203, -0.0029210997663344784, 0), (-8.11607301582615, -14.00324208247562, 7.139040234587526, 1) ), ( (0.9999999999999988, 1.4761409249815358e-14, -4.9378132168653474e-8, 0), (-4.937813216865566e-8, 4.4279115418710546e-7, -0.9999998876410431, 0), (1.5547200477520976e-15, 0.9999998876410442, 4.4279115418710546e-7, 0), (-6.679063616678309, -13.170912853703861, 90.53659865437155, 1) ), ( (-0.9999997752821881, -1.469986190357395e-14, 4.937813212244695e-8, 0), (-4.937813212244913e-8, 4.1298886699348003e-7, -0.9999998876410483, 0), (-1.4468572443572895e-16, -0.9999998876410494, -1.8827105630059293e-7, 0), (6.679060072617825, -13.170912853704507, 90.53660666784162, 1) ), ( (-0.08239642798253466, -0.3170751199227013, -0.9448143060188187, 0), (-0.19037914536649547, -0.9255714651431859, 0.32722014471476, 0), (-0.9782466384002247, 0.20683474181972017, 0.0158994082660735, 0), (-11.167936627181845, 52.08429108746661, 81.31027377800004, 1) ), ( (0.10184260904642128, 0.5089343142721557, -0.8547595511450282, 0), (-0.1809241660367772, -0.8354215955140178, -0.5189769633649919, 0), (-0.9782098305891308, 0.20750061714602697, 0.006997056149525949, 0), (-13.265181224666275, 44.01374679464141, 57.261810313591205, 1) ), ( (-0.03315336228943577, -0.08555744701672019, -0.99578145764743, 0), (-0.20218747111115137, -0.9751547608574787, 0.09051680449003255, 0), (-0.9787854793876627, 0.20433548059353415, 0.015031080280923703, 0), (-10.654046312326663, 57.06213459188815, 35.34540697836644, 1) ), ( (-0.06385632752033876, -0.7239216121011981, -0.6869190650919742, 0), (-0.05971315320133121, -0.6843202415419857, 0.7267337818615234, 0), (-0.9961710028318325, 0.08742467444471624, 0.00047056859442440313, 0), (-11.574394533493088, 54.687031774806165, 7.702186806144383, 1) ), ( (5.512137701835229e-8, 0.9996369598869764, 0.026941612438993845, 0), (2.877138455259498e-7, -0.026941563465437968, 0.999636959886935, 0), (0.9999999510264022, 1.6058863683277025e-9, -2.3880148369848087e-7, 0), (-0.0000026174265439493807, 59.261240829828026, 91.47407503018314, 1) ), ( (2.47015952137275e-9, 0.8417205253873888, -0.5399134236303548, 0), (2.107429571962527e-7, 0.5399134496930108, 0.8417205253873676, 0), (0.9999999739373139, -9.392465888380386e-8, -1.6406192360207683e-7, 0), (-0.000002403905305925508, 63.13362924822658, 91.57843367514538, 1) ), ( (-6.741402946985886e-8, 0.7795958815671489, -0.6262828090514687, 0), (2.2636455926372534e-7, 0.6262828613165433, 0.7795958815671175, 0), (0.9999999477349022, -4.8466905377964054e-8, -1.9916078564108375e-7, 0), (-0.0000023791422538721632, 71.56929722877351, 86.16745670284223, 1) ), ( (-5.929391933001682e-8, 0.8012130802017388, -0.5983790748719664, 0), (2.840858589481243e-7, 0.5983791163064699, 0.8012130802016934, 0), (0.9999999585654529, -8.928610872871445e-8, -2.4645259566469235e-7, 0), (-0.0000030403186279670705, 79.21546733139823, 80.02497009640071, 1) ), ( (-1.3117545938357011e-7, 0.8179808748636703, -0.5752453543674658, 0), (2.63404994482741e-7, 0.5752453896854332, 0.8179808748636279, 0), (0.9999999646820081, -1.533408072740272e-8, -2.759168720167793e-7, 0), (-0.0000035726452889406515, 86.4086748090175, 74.6527946879038, 1) ), ( (-4.975011469454671e-8, 0.8616291852010018, -0.5075382160547607, 0), (2.6378444950569957e-7, 0.5075382692816697, 0.8616291852009627, 0), (0.9999999467730595, -4.515268980931353e-8, -2.263222653731134e-7, 0), (-0.000004644231696104856, 93.09087683219425, 69.95352430360282, 1) )]
        uniform token[] joints = ["RigRoot", "RigRoot/RigPelvis", "RigRoot/RigPelvis/RigLBLeg1", "RigRoot/RigPelvis/RigLBLeg1/RigLBLeg2", "RigRoot/RigPelvis/RigLBLeg1/RigLBLeg2/RigLBLeg3", "RigRoot/RigPelvis/RigLBLeg1/RigLBLeg2/RigLBLeg3/RigLBLegAnkle", "RigRoot/RigPelvis/RigSpine1", "RigRoot/RigPelvis/RigSpine1/RigSpine2", "RigRoot/RigPelvis/RigSpine1/RigSpine2/RigSpine3", "RigRoot/RigPelvis/RigSpine1/RigSpine2/RigSpine3/RigChest", "RigRoot/RigPelvis/RigSpine1/RigSpine2/RigSpine3/RigChest/RigLFLegCollarbone", "RigRoot/RigPelvis/RigSpine1/RigSpine2/RigSpine3/RigChest/RigLFLegCollarbone/RigLFLeg1", "RigRoot/RigPelvis/RigSpine1/RigSpine2/RigSpine3/RigChest/RigLFLegCollarbone/RigLFLeg1/RigLFLeg2", "RigRoot/RigPelvis/RigSpine1/RigSpine2/RigSpine3/RigChest/RigLFLegCollarbone/RigLFLeg1/RigLFLeg2/RigLFLeg3", "RigRoot/RigPelvis/RigSpine1/RigSpine2/RigSpine3/RigChest/RigLFLegCollarbone/RigLFLeg1/RigLFLeg2/RigLFLeg3/RigLFLegAnkle", "RigRoot/RigPelvis/RigSpine1/RigSpine2/RigSpine3/RigChest/RigNeck1", "RigRoot/RigPelvis/RigSpine1/RigSpine2/RigSpine3/RigChest/RigNeck1/RigNeck2", "RigRoot/RigPelvis/RigSpine1/RigSpine2/RigSpine3/RigChest/RigNeck1/RigNeck2/RigNeck3", "RigRoot/RigPelvis/RigSpine1/RigSpine2/RigSpine3/RigChest/RigNeck1/RigNeck2/RigNeck3/RigNeck4", "RigRoot/RigPelvis/RigSpine1/RigSpine2/RigSpine3/RigChest/RigNeck1/RigNeck2/RigNeck3/RigNeck4/RigHead", "RigRoot/RigPelvis/RigSpine1/RigSpine2/RigSpine3/RigChest/RigNeck1/RigNeck2/RigNeck3/RigNeck4/RigHead/RigLEar", "RigRoot/RigPelvis/RigSpine1/RigSpine2/RigSpine3/RigChest/RigNeck1/RigNeck2/RigNeck3/RigNeck4/RigHead/RigREar", "RigRoot/RigPelvis/RigSpine1/RigSpine2/RigSpine3/RigChest/RigNeck1/RigNeck2/RigNeck3/RigNeck4/RigHead/RigLEye", "RigRoot/RigPelvis/RigSpine1/RigSpine2/RigSpine3/RigChest/RigNeck1/RigNeck2/RigNeck3/RigNeck4/RigHead/RigREye", "RigRoot/RigPelvis/RigSpine1/RigSpine2/RigSpine3/RigChest/RigNeck1/RigNeck2/RigNeck3/RigNeck4/RigHead/RigLEyelid", "RigRoot/RigPelvis/RigSpine1/RigSpine2/RigSpine3/RigChest/RigNeck1/RigNeck2/RigNeck3/RigNeck4/RigHead/RigREyelid", "RigRoot/RigPelvis/RigSpine1/RigSpine2/RigSpine3/RigChest/RigNeck1/RigNeck2/RigNeck3/RigNeck4/RigHead/RigJaw", "RigRoot/RigPelvis/RigSpine1/RigSpine2/RigSpine3/RigChest/RigNeck1/RigNeck2/RigNeck3/RigNeck4/RigHead/RigJaw/RigTongue1", "RigRoot/RigPelvis/RigSpine1/RigSpine2/RigSpine3/RigChest/RigNeck1/RigNeck2/RigNeck3/RigNeck4/RigHead/RigJaw/RigTongue1/RigTongue2", "RigRoot/RigPelvis/RigSpine1/RigSpine2/RigSpine3/RigChest/RigNeck1/RigNeck2/RigNeck3/RigNeck4/RigHead/RigJaw/RigTongue1/RigTongue2/RigTongue3", "RigRoot/RigPelvis/RigSpine1/RigSpine2/RigSpine3/RigChest/RigRFLegCollarbone", "RigRoot/RigPelvis/RigSpine1/RigSpine2/RigSpine3/RigChest/RigRFLegCollarbone/RigRFLeg1", "RigRoot/RigPelvis/RigSpine1/RigSpine2/RigSpine3/RigChest/RigRFLegCollarbone/RigRFLeg1/RigRFLeg2", "RigRoot/RigPelvis/RigSpine1/RigSpine2/RigSpine3/RigChest/RigRFLegCollarbone/RigRFLeg1/RigRFLeg2/RigRFLeg3", "RigRoot/RigPelvis/RigSpine1/RigSpine2/RigSpine3/RigChest/RigRFLegCollarbone/RigRFLeg1/RigRFLeg2/RigRFLeg3/RigRFLegAnkle", "RigRoot/RigPelvis/RigSpine1/RigSpine2/RigSpine3/RigChest/RigLShoulderBlade", "RigRoot/RigPelvis/RigSpine1/RigSpine2/RigSpine3/RigChest/RigRShoulderBlade", "RigRoot/RigPelvis/RigRBLeg1", "RigRoot/RigPelvis/RigRBLeg1/RigRBLeg2", "RigRoot/RigPelvis/RigRBLeg1/RigRBLeg2/RigRBLeg3", "RigRoot/RigPelvis/RigRBLeg1/RigRBLeg2/RigRBLeg3/RigRBLegAnkle", "RigRoot/RigPelvis/RigTail1", "RigRoot/RigPelvis/RigTail1/RigTail2", "RigRoot/RigPelvis/RigTail1/RigTail2/RigTail3", "RigRoot/RigPelvis/RigTail1/RigTail2/RigTail3/RigTail4", "RigRoot/RigPelvis/RigTail1/RigTail2/RigTail3/RigTail4/RigTail5", "RigRoot/RigPelvis/RigTail1/RigTail2/RigTail3/RigTail4/RigTail5/RigTail6"]
        uniform matrix4d[] restTransforms = [( (1, -2.1472077554414007e-23, 2.117582368135751e-22, 0), (2.1472077554413995e-23, 1, 6.123234262925839e-17, 0), (-2.117582368135751e-22, -6.123234262925839e-17, 1, 0), (-0.0000030566689019906335, -4.100636388608414e-13, -8.952086569877276e-20, 1) ), ( (2.0281592016946348e-7, 2.679402381390583e-15, 0.9999999657714568, 0), (1.5099579419173068e-7, -0.9999999315429307, -2.277658550859426e-14, 0), (0.9999999657714455, 1.5099579419173237e-7, -1.3435886225821037e-7, 0), (-0.0000016850085557962302, 43.4409065246582, 83.08342742919922, 1) ), ( (-0.9448801859945934, 0.31687742709867206, 0.0824018418138035, 0), (0.3270275777299101, 0.925639758939905, 0.19037856371105755, 0), (-0.01594775040840979, 0.20683261423649646, -0.9782463243087438, 0), (-1.7731552124023438, -8.643402099609375, 11.167930603027344, 1) ), ( (0.6379207588258994, -0.7700615084421797, 0.008015423067951732, 0), (0.7700583461511026, 0.6379604720156893, 0.004067020486757857, 0), (-0.008245371163725104, 0.0035779036360843765, 0.9999596054119338, 0), (25.453094482421875, -0.0000133514404296875, -0.0000019073486328125, 1) ), ( (0.8046526157193363, 0.5936969292953734, -0.007747846595627517, 0), (-0.5936842436554802, 0.8046870910352257, 0.003959219126665244, 0), (0.008585168893564789, 0.0014139785366737434, 0.9999621470532296, 0), (25.63994598388672, 0.00079345703125, 0.000041961669921875, 1) ), ( (0.7462291451659738, 0.658768379928873, 0.09574072316677995, 0), (-0.6652235782057541, 0.7433326414966033, 0.07024369483726511, 0), (-0.024892879820199276, -0.11610687865559877, 0.9929247389941765, 0), (27.76032829284668, -0.00000762939453125, -0.0000019073486328125, 1) ), ( (-0.06936975552203695, 0.9975910276888054, -4.0229452028437603e-8, 0), (-0.997591027688792, -0.06936975552202918, 1.7107087152120292e-7, 0), (1.6786805799297056e-7, 5.1999682683656386e-8, 0.9999999999999846, 0), (-4.5688629150390625, 8.586444854736328, -0.0000011646231996564893, 1) ), ( (0.9985082939428734, -0.054600246051603865, -7.078824237067262e-8, 0), (0.05460024605160273, 0.9985082939428759, -1.7820724858969047e-8, 0), (7.165566309984998e-8, 1.39290860485879e-8, 0.9999999999999973, 0), (11.645721435546875, -0.00000762939453125, -9.094947017729282e-13, 1) ), ( (0.9996602083200689, 0.02606660548936955, -3.2107968364097154e-8, 0), (-0.026066605489370467, 0.9996602083200689, -2.8554306505749996e-8, 0), (3.135274452339782e-8, 2.9381549709719678e-8, 0.9999999999999991, 0), (13.113636016845703, -0.00000762939453125, -1.8189894035458565e-12, 1) ), ( (0.9991650353121944, -0.040856237006956286, 2.4352232901106364e-9, 0), (0.040856237006956286, 0.9991650353121944, 4.974507390680161e-11, 0), (-2.435222361185877e-9, 4.979052776930877e-11, 1, 0), (12.670013427734375, 0.00002288818359375, -2.2963786250329576e-7, 1) ), ( (0.006494817158052779, 0.40174249583241384, 0.9157296481488078, 0), (-0.008562737538836629, 0.9157377302730287, -0.4016853111933667, 0), (-0.9999422488235195, -0.005232279141425877, 0.009387564492751022, 0), (20.884071350097656, 5.218162536621094, -0.5988269448280334, 1) ), ( (0.29963463381451433, 0.7441634064792234, 0.5970274326400126, 0), (0.18953418139546555, 0.5668750010812074, -0.8017028513728232, 0), (-0.9350379222488812, 0.35337504700986244, 0.028810990278429927, 0), (12.02122688293457, -1.4210854715202004e-14, 0.0000152587890625, 1) ), ( (0.714566304338586, 0.6995515623132046, -0.0047552074363973185, 0), (-0.6995197739928035, 0.7144212353266352, -0.01656465930767395, 0), (-0.008190612044633921, 0.0151629090242201, 0.999851489005315, 0), (19.53274917602539, -0.0000019073486328125, -1.7763568394002505e-15, 1) ), ( (0.9857669133366527, -0.1673810760143724, -0.015849926753740515, 0), (0.16726999104004722, 0.9858770545301844, -0.008071926275676412, 0), (0.0169771496413014, 0.0053058152791970875, 0.9998417998384664, 0), (23.76624870300293, 0.0003204345703125, 0.0005497932434082031, 1) ), ( (0.6051965976685739, 0.7834843244494812, -0.14107191942654543, 0), (-0.7957183300422779, 0.6006360061214379, -0.07781229736624708, 0), (0.023768179242854792, 0.1593454139200805, 0.9869367314356999, 0), (20.69759750366211, -3.552713678800501e-15, 9.5367431640625e-7, 1) ), ( (0.9990227167881746, -0.044199674548951975, 1.0610834094478235e-8, 0), (0.04419967454895317, 0.9990227167881301, -2.9778374751389547e-7, 0), (2.5614811692897155e-9, 2.979617238804665e-7, 0.9999999999999556, 0), (11.873544692993164, 4.166046142578125, -5.545730346057098e-7, 1) ), ( (0.9083762860192118, -0.4181537037453214, -8.038989618157182e-8, 0), (0.41815370374532573, 0.9083762860191634, 3.0122793673087814e-7, 0), (-5.293530430196625e-8, -3.0724364734471577e-7, 0.9999999999999514, 0), (10.709892272949219, 0.0000152587890625, 0, 1) ), ( (0.9837575464355843, -0.17950233578801716, 2.613944604580002e-8, 0), (0.17950233578801905, 0.9837575464355746, -1.3870386949529261e-7, 0), (-8.172077539950698e-10, 1.4114307005317432e-7, 0.99999999999999, 0), (10.639480590820312, -0.00000762939453125, 0, 1) ), ( (0.9986344395672205, 0.05224228139118743, 1.2793092204402572e-7, 0), (-0.0522422813912055, 0.9986344395672178, 1.4219615193828325e-7, 0), (-1.2032757285196427e-7, -1.4868537807277874e-7, 0.9999999999999817, 0), (10.445098876953125, -0.000003814697265625, -0.000007629393621755298, 1) ), ( (0.9970494015301393, -0.07676256315133466, 5.383144015077701e-8, 0), (0.07676256315133691, 0.9970494015301398, -4.125017377284363e-8, 0), (-5.050613622544955e-8, 4.526070026604555e-8, 0.9999999999999977, 0), (10.101303100585938, -0.00000762939453125, 0.00000644698320684256, 1) ), ( (-0.022652101872489894, -0.2648188618833016, 0.9640320874126167, 0), (0.44499277046437147, 0.8608197579094873, 0.24692262023015754, 0), (-0.89524763579958, 0.4345806214475241, 0.09834310053102502, 0), (7.848258972167969, 0.4318733215332031, 9.06266975402832, 1) ), ( (-0.02265216267805137, -0.2648188148792423, -0.9640320538169003, 0), (0.44499292255280576, 0.8608196770094131, -0.2469226042237498, 0), (0.8952475101213015, -0.4345807967279267, 0.0983430804365123, 0), (7.848258972167969, 0.4318733215332031, -9.06266975402832, 1) ), ( (0.4998895146561608, 0.4922641638835792, 0.7125913608123149, 0), (-0.6609127385435833, 0.7485553400700881, -0.05347191353871672, 0), (-0.5597363723925461, -0.444230668079852, 0.6995386306633734, 0), (12.532966613769531, 10.20810317993164, 7.125730037689209, 1) ), ( (0.4998896347538686, 0.49226412218159155, -0.7125913195804934, 0), (-0.6609125532926718, 0.7485555042546874, 0.0534720000216069, 0), (0.559736501962167, 0.4442304490902629, 0.699538674750265, 0), (12.532974243164062, 10.208106994628906, -7.125730037689209, 1) ), ( (0.8226728380488797, -0.08456423145903691, 0.5621906206257299, 0), (-0.1796389150699087, 0.8995454573952364, 0.3981806514545434, 0), (-0.5393878598506896, -0.4285637196007157, 0.724840587584278, 0), (12.411911010742188, 10.22055435180664, 7.043007850646973, 1) ), ( (0.8226728007764195, -0.08456418362388374, -0.562190681962543, 0), (-0.17963893639945172, 0.8995454952999637, -0.39818055587928025, 0), (0.5393879091773904, 0.428563649180708, 0.7248405920318639, 0), (12.41192626953125, 10.220561981201172, -7.043006896972656, 1) ), ( (0.14780946765029368, 0.9890158790391573, -3.5605022155728714e-7, 0), (-0.9890158790392157, 0.1478094676503221, 5.472834201111411e-8, 0), (1.0675479996734341e-7, 3.440499445926583e-7, 0.9999999999999352, 0), (5.0286865234375, 5.174495697021484, -0.0000030825831345282495, 1) ), ( (0.9959118227624083, -0.09033073184730672, 3.195890240506859e-7, 0), (0.09033073184725576, 0.9959118227624496, 1.7045824585932037e-7, 0), (-3.3368010586095734e-7, -1.4089267130595083e-7, 0.9999999999999344, 0), (13.875019073486328, 0.03337860107421875, 0.000003865659891744144, 1) ), ( (0.972255757253941, -0.23392037889522285, -1.0577850669615824e-7, 0), (0.23392037889521802, 0.9722557572539463, -5.604810353437538e-8, 0), (1.159545555285306e-7, 2.974934353645758e-8, 0.9999999999999928, 0), (3.727497100830078, 0.000030517578125, -7.275957614183426e-12, 1) ), ( (0.9992557772685842, 0.038573197398428495, 2.5882737390927456e-8, 0), (-0.03857319739842976, 0.9992557772685832, 5.0067336773137616e-8, 0), (-2.393221755528645e-8, -5.102845548602202e-8, 0.9999999999999984, 0), (2.859180450439453, 0.00008392333984375, 6.934897101018578e-12, 1) ), ( (0.006494817158052779, 0.40174249583241384, -0.9157296481488078, 0), (-0.008562737538836629, 0.9157377302730287, 0.4016853111933667, 0), (0.9999422488235195, 0.005232279141425877, 0.009387564492751022, 0), (20.884071350097656, 5.218170166015625, 0.5988269448280334, 1) ), ( (0.2996460856099154, 0.7441819569487383, -0.5969953465503295, 0), (0.18952503522204983, 0.5668467448861149, 0.8017274823747764, 0), (0.9350360436810998, -0.35338009721734664, 0.028812294649233294, 0), (12.021223068237305, 0, 0.0000133514404296875, 1) ), ( (0.7146378914533267, 0.6994798538021458, 0.00474348507166589, 0), (-0.6994472244115868, 0.7144922135974172, 0.016565990341202423, 0), (0.008198386099498148, -0.015156487358783395, 0.9998515226489075, 0), (19.532752990722656, -1.0658141036401503e-14, -0.0000019073486328125, 1) ), ( (0.9857651037891697, -0.16741489782918836, 0.01553442995612586, 0), (0.16730563553542846, 0.9858709849441075, 0.00807451806859917, 0), (-0.016666739410947318, -0.005360580692333167, 0.9998467302349822, 0), (23.766250610351562, 0.0003185272216796875, -0.0005512237548828125, 1) ), ( (0.6050107066941901, 0.7834956782605244, 0.14174796239398121, 0), (-0.7958452193331409, 0.6005167255537069, 0.07755045458785456, 0), (-0.02436157190812649, -0.15972829657123788, 0.9868603670857576, 0), (20.69759750366211, -9.5367431640625e-7, -9.5367431640625e-7, 1) ), ( (3.4228519574242e-8, 0, 0.9999999657714804, 0), (-2.9802321870034854e-7, 0.9999999999999556, 0, 0), (-0.999999965771436, -2.9802321870034854e-7, 3.4228519574242e-8, 0), (10.63607406616211, -13.541603088378906, -6.679062366485596, 1) ), ( (3.4228523793089494e-8, 0, -0.9999999657714762, 0), (-2.6822092496637006e-7, 0.999999999999964, 0, 0), (0.9999999657714402, 2.6822092496637006e-7, 3.4228523793089494e-8, 0), (10.63607406616211, -13.541610717773438, 6.679062366485596, 1) ), ( (-0.9448143291404065, 0.317075118334211, -0.08239637673360845, 0), (0.32722012381949195, 0.9255715485242247, -0.19037934680549995, 0), (0.015899186552683187, -0.20683489661050558, -0.9782466202243825, 0), (-1.7731552124023438, -8.643386840820312, -11.167930603027344, 1) ), ( (0.6378272201855355, -0.7701384433290326, -0.007951984674783474, 0), (0.7701358757382895, 0.6378669854617549, -0.00405715661917385, 0), (0.008196880769631154, -0.0035363435564080073, 0.9999601519170471, 0), (25.453109741210938, -0.000003814697265625, -3.552713678800501e-15, 1) ), ( (0.8042342152803562, 0.5942624662497833, 0.0077102463161903695, 0), (-0.5942511696443562, 0.8042699182477677, -0.003930101428230512, 0), (-0.008536630942337434, -0.0014211008573756373, 0.9999625525010692, 0), (25.63995361328125, 0.00078582763671875, -0.00003814697265625, 1) ), ( (0.7480752424894712, 0.6566689065304075, -0.09574632546601472, 0), (-0.6631396791101976, 0.7451730878710723, -0.07046097611389822, 0), (0.025078055286272605, 0.11620330566272186, 0.9929087989753357, 0), (27.76032829284668, 0, 0, 1) ), ( (0.026941628106196935, -0.9996369941030685, 1.5254679133054088e-7, 0), (0.9996369941030729, 0.026941628106214588, 1.1511958623047149e-7, 0), (-1.1918765557075988e-7, 1.4938991076596992e-7, 0.9999999999999818, 0), (8.390647888183594, -15.820335388183594, 0.0000028112981453887187, 1) ), ( (0.8268688669411831, -0.5623947766618786, 1.331328246043361e-7, 0), (0.5623947766618866, 0.8268688669411878, -3.061617449861588e-8, 0), (-9.286501213644867e-8, 1.0018876508349555e-7, 0.9999999999999907, 0), (3.8737945556640625, -0.00000762939453125, -5.4569682106375694e-12, 1) ), ( (0.9943404286510824, -0.10624081914870324, -7.383061189445632e-8, 0), (0.10624081914870494, 0.9943404286510849, 1.9320810005533207e-8, 0), (7.136010353236802e-8, -2.7055287391367055e-8, 0.9999999999999971, 0), (10.021934509277344, -1.4210854715202004e-14, 7.275957614183426e-12, 1) ), ( (0.9993770391058979, 0.035292119820472485, 1.0887234643547693e-8, 0), (-0.03529211982047303, 0.9993770391058965, 5.3638587349741564e-8, 0), (-8.987432890947799e-9, -5.398940619316192e-8, 0.9999999999999986, 0), (9.807857513427734, 0.00000762939453125, 9.094947017729282e-12, 1) ), ( (0.9995918359850712, 0.02856853928681334, -7.392201594154318e-8, 0), (-0.028568539286815145, 0.9995918359850736, -2.3442577369773094e-8, 0), (7.322212344643344e-8, 2.554485295700143e-8, 0.999999999999997, 0), (8.977890014648438, 0.00000762939453125, 5.4569682106375694e-12, 1) ), ( (0.9967552839839049, 0.08049163766469447, 4.1774263016907004e-8, 0), (-0.08049163766469403, 0.9967552839839057, -1.2167193012551564e-8, 0), (-4.261807470311e-8, 8.765235023120788e-9, 0.999999999999999, 0), (8.169147491455078, -0.00000762939453125, 7.275957614183426e-12, 1) )]
    }
    variantSet "LOD" = {
        "LOD0" {
            def Mesh "LOD0" (
                prepend apiSchemas = ["SkelBindingAPI"]
            )
            {
